timestamp,accel_x,accel_y,accel_z,gyro_x,gyro_y,gyro_z,sensor_type,activity_type,activity_code,subject_id,notes,recording_id
1633192122553,-0.030517578,1.0009155,0.33831787,35.265625,32.625,15.890625,Respeck,Climbing stairs,12,s1721256,,Respeck_s1721256_Climbing stairs_02-10-2021_17-29-22
1633192122601,-0.24023438,0.9359741,0.30194092,-18.125,-54.3125,-36.796875,Respeck,Climbing stairs,12,s1721256,,Respeck_s1721256_Climbing stairs_02-10-2021_17-29-22
1633192122648,-0.3876953,0.9122925,0.3126831,1.40625,-68.296875,-33.796875,Respeck,Climbing stairs,12,s1721256,,Respeck_s1721256_Climbing stairs_02-10-2021_17-29-22
1633192122673,-0.30932617,0.8805542,0.19769287,44.578125,-60.1875,-13.640625,Respeck,Climbing stairs,12,s1721256,,Respeck_s1721256_Climbing stairs_02-10-2021_17-29-22
1633192122718,-0.2644043,0.95721436,0.20794678,6.8125,-32.96875,-1.1875,Respeck,Climbing stairs,12,s1721256,,Respeck_s1721256_Climbing stairs_02-10-2021_17-29-22
1633192122749,-0.24584961,1.0765991,0.2177124,3.890625,18.484375,11.609375,Respeck,Climbing stairs,12,s1721256,,Respeck_s1721256_Climbing stairs_02-10-2021_17-29-22
1633192122809,-0.2680664,1.1600952,0.21795654,-12.046875,40.5625,14.859375,Respeck,Climbing stairs,12,s1721256,,Respeck_s1721256_Climbing stairs_02-10-2021_17-29-22
1633192122840,-0.3034668,1.3070679,0.22210693,-9.28125,28.015625,15.859375,Respeck,Climbing stairs,12,s1721256,,Respeck_s1721256_Climbing stairs_02-10-2021_17-29-22
1633192122869,-0.33740234,1.3847046,0.16497803,-4.390625,-3.859375,8.453125,Respeck,Climbing stairs,12,s1721256,,Respeck_s1721256_Climbing stairs_02-10-2021_17-29-22
1633192122913,-0.35473633,1.4232788,0.047058105,-5.21875,-27.515625,1.5,Respeck,Climbing stairs,12,s1721256,,Respeck_s1721256_Climbing stairs_02-10-2021_17-29-22
1633192122943,-0.34936523,1.1027222,-0.10601807,-32.46875,18.046875,-0.3125,Respeck,Climbing stairs,12,s1721256,,Respeck_s1721256_Climbing stairs_02-10-2021_17-29-22
1633192122990,-0.44628906,0.8776245,-0.2901001,-25.078125,44.578125,6.421875,Respeck,Climbing stairs,12,s1721256,,Respeck_s1721256_Climbing stairs_02-10-2021_17-29-22
1633192123035,-0.39624023,0.9489136,-0.2210083,3.796875,56.53125,14.453125,Respeck,Climbing stairs,12,s1721256,,Respeck_s1721256_Climbing stairs_02-10-2021_17-29-22
1633192123063,-0.3347168,0.97454834,-0.054016113,13.171875,68.625,15.0,Respeck,Climbing stairs,12,s1721256,,Respeck_s1721256_Climbing stairs_02-10-2021_17-29-22
1633192123109,-0.2878418,0.9057007,0.06756592,16.3125,65.5,15.96875,Respeck,Climbing stairs,12,s1721256,,Respeck_s1721256_Climbing stairs_02-10-2021_17-29-22
1633192123155,-0.23510742,0.730896,0.13031006,13.078125,60.359375,14.890625,Respeck,Climbing stairs,12,s1721256,,Respeck_s1721256_Climbing stairs_02-10-2021_17-29-22
1633192123185,-0.14819336,0.604187,0.22772217,3.5625,60.609375,14.421875,Respeck,Climbing stairs,12,s1721256,,Respeck_s1721256_Climbing stairs_02-10-2021_17-29-22
1633192123230,-0.12036133,0.51849365,0.23822021,-29.21875,80.21875,16.5625,Respeck,Climbing stairs,12,s1721256,,Respeck_s1721256_Climbing stairs_02-10-2021_17-29-22
1633192123258,-0.19165039,0.6149292,0.24847412,-43.6875,80.40625,12.53125,Respeck,Climbing stairs,12,s1721256,,Respeck_s1721256_Climbing stairs_02-10-2021_17-29-22
1633192123304,-0.22241211,0.72991943,0.2723999,-8.0625,43.34375,11.703125,Respeck,Climbing stairs,12,s1721256,,Respeck_s1721256_Climbing stairs_02-10-2021_17-29-22
1633192123381,-0.24682617,0.79852295,0.21087646,7.453125,9.078125,2.84375,Respeck,Climbing stairs,12,s1721256,,Respeck_s1721256_Climbing stairs_02-10-2021_17-29-22
1633192123387,-0.3305664,0.916687,0.20062256,4.78125,-43.421875,-11.09375,Respeck,Climbing stairs,12,s1721256,,Respeck_s1721256_Climbing stairs_02-10-2021_17-29-22
1633192123423,-0.33862305,0.887146,0.24920654,6.484375,-97.53125,-23.359375,Respeck,Climbing stairs,12,s1721256,,Respeck_s1721256_Climbing stairs_02-10-2021_17-29-22
1633192123453,-0.4267578,0.8666382,0.35125732,-1.328125,-44.203125,-15.96875,Respeck,Climbing stairs,12,s1721256,,Respeck_s1721256_Climbing stairs_02-10-2021_17-29-22
1633192123498,-0.4182129,0.7797241,0.40594482,6.359375,14.234375,-0.28125,Respeck,Climbing stairs,12,s1721256,,Respeck_s1721256_Climbing stairs_02-10-2021_17-29-22
1633192123575,-0.32641602,0.92352295,0.43865967,-9.4375,20.5,-2.296875,Respeck,Climbing stairs,12,s1721256,,Respeck_s1721256_Climbing stairs_02-10-2021_17-29-22
1633192123580,-0.3935547,0.9923706,0.37835693,-0.1875,-17.8125,-13.65625,Respeck,Climbing stairs,12,s1721256,,Respeck_s1721256_Climbing stairs_02-10-2021_17-29-22
1633192123618,-0.48706055,1.1852417,0.35003662,-5.15625,-14.203125,-15.5,Respeck,Climbing stairs,12,s1721256,,Respeck_s1721256_Climbing stairs_02-10-2021_17-29-22
1633192123648,-0.4650879,1.303894,0.37445068,20.6875,13.984375,-4.296875,Respeck,Climbing stairs,12,s1721256,,Respeck_s1721256_Climbing stairs_02-10-2021_17-29-22
1633192123695,-0.3552246,1.3029175,0.2789917,18.890625,48.78125,4.0,Respeck,Climbing stairs,12,s1721256,,Respeck_s1721256_Climbing stairs_02-10-2021_17-29-22
1633192123739,-0.37890625,1.1820679,0.16253662,1.5,13.765625,-3.59375,Respeck,Climbing stairs,12,s1721256,,Respeck_s1721256_Climbing stairs_02-10-2021_17-29-22
1633192123768,-0.2524414,1.1698608,0.14251709,16.984375,-12.796875,-6.296875,Respeck,Climbing stairs,12,s1721256,,Respeck_s1721256_Climbing stairs_02-10-2021_17-29-22
1633192123813,-0.21948242,0.8986206,0.03289795,-2.4375,10.296875,-13.65625,Respeck,Climbing stairs,12,s1721256,,Respeck_s1721256_Climbing stairs_02-10-2021_17-29-22
1633192123843,-0.2475586,0.82073975,0.02557373,18.609375,-12.25,-9.78125,Respeck,Climbing stairs,12,s1721256,,Respeck_s1721256_Climbing stairs_02-10-2021_17-29-22
1633192123889,-0.15942383,0.914978,0.06414795,29.328125,-23.78125,0.03125,Respeck,Climbing stairs,12,s1721256,,Respeck_s1721256_Climbing stairs_02-10-2021_17-29-22
1633192123934,-0.114746094,0.9491577,0.10028076,-20.53125,-18.984375,-5.3125,Respeck,Climbing stairs,12,s1721256,,Respeck_s1721256_Climbing stairs_02-10-2021_17-29-22
1633192123964,-0.09057617,0.9320679,0.16497803,-22.734375,-12.96875,-18.09375,Respeck,Climbing stairs,12,s1721256,,Respeck_s1721256_Climbing stairs_02-10-2021_17-29-22
1633192124040,-0.19482422,0.84368896,0.07489014,-22.03125,8.890625,-11.9375,Respeck,Climbing stairs,12,s1721256,,Respeck_s1721256_Climbing stairs_02-10-2021_17-29-22
1633192124044,-0.2133789,0.83148193,0.08880615,-10.984375,-10.421875,-6.375,Respeck,Climbing stairs,12,s1721256,,Respeck_s1721256_Climbing stairs_02-10-2021_17-29-22
1633192124085,-0.19946289,0.77020264,0.11468506,-2.609375,-11.0,-8.359375,Respeck,Climbing stairs,12,s1721256,,Respeck_s1721256_Climbing stairs_02-10-2021_17-29-22
1633192124130,-0.17456055,0.78460693,0.2098999,-16.46875,1.375,-2.0625,Respeck,Climbing stairs,12,s1721256,,Respeck_s1721256_Climbing stairs_02-10-2021_17-29-22
1633192124160,-0.14575195,0.7470093,0.2616577,-23.21875,23.90625,3.578125,Respeck,Climbing stairs,12,s1721256,,Respeck_s1721256_Climbing stairs_02-10-2021_17-29-22
1633192124206,-0.17285156,0.75579834,0.26483154,-7.171875,34.53125,7.75,Respeck,Climbing stairs,12,s1721256,,Respeck_s1721256_Climbing stairs_02-10-2021_17-29-22
1633192124233,-0.13891602,0.82928467,0.2694702,-12.765625,49.03125,16.8125,Respeck,Climbing stairs,12,s1721256,,Respeck_s1721256_Climbing stairs_02-10-2021_17-29-22
1633192124279,-0.0793457,0.92230225,0.2736206,-24.25,67.53125,23.15625,Respeck,Climbing stairs,12,s1721256,,Respeck_s1721256_Climbing stairs_02-10-2021_17-29-22
1633192124324,-0.1274414,1.1200562,0.23577881,-3.546875,54.734375,14.53125,Respeck,Climbing stairs,12,s1721256,,Respeck_s1721256_Climbing stairs_02-10-2021_17-29-22
1633192124354,-0.2253418,1.1403198,0.18597412,-2.59375,-12.96875,-10.046875,Respeck,Climbing stairs,12,s1721256,,Respeck_s1721256_Climbing stairs_02-10-2021_17-29-22
1633192124399,-0.30395508,1.2501831,0.20257568,12.453125,-74.53125,-17.734375,Respeck,Climbing stairs,12,s1721256,,Respeck_s1721256_Climbing stairs_02-10-2021_17-29-22
1633192124475,-0.3334961,1.3151245,0.2333374,7.1875,-93.78125,-20.046875,Respeck,Climbing stairs,12,s1721256,,Respeck_s1721256_Climbing stairs_02-10-2021_17-29-22
1633192124481,-0.35351562,1.3388062,0.260437,13.734375,-80.078125,-10.125,Respeck,Climbing stairs,12,s1721256,,Respeck_s1721256_Climbing stairs_02-10-2021_17-29-22
1633192124522,-0.32421875,1.4035034,0.41912842,-32.078125,48.484375,23.921875,Respeck,Climbing stairs,12,s1721256,,Respeck_s1721256_Climbing stairs_02-10-2021_17-29-22
1633192124551,-0.30908203,1.3046265,0.2675171,16.1875,87.03125,36.921875,Respeck,Climbing stairs,12,s1721256,,Respeck_s1721256_Climbing stairs_02-10-2021_17-29-22
1633192124599,-0.2993164,1.0363159,0.034362793,-2.359375,45.921875,18.90625,Respeck,Climbing stairs,12,s1721256,,Respeck_s1721256_Climbing stairs_02-10-2021_17-29-22
1633192124623,-0.34594727,0.8991089,-0.30377197,-85.90625,35.046875,4.484375,Respeck,Climbing stairs,12,s1721256,,Respeck_s1721256_Climbing stairs_02-10-2021_17-29-22
1633192124668,-0.3400879,0.7687378,-0.2822876,41.09375,161.71875,24.140625,Respeck,Climbing stairs,12,s1721256,,Respeck_s1721256_Climbing stairs_02-10-2021_17-29-22
1633192124718,-0.31323242,0.97821045,-0.09893799,39.34375,70.578125,4.859375,Respeck,Climbing stairs,12,s1721256,,Respeck_s1721256_Climbing stairs_02-10-2021_17-29-22
1633192124744,-0.23339844,0.80462646,0.12615967,48.1875,-23.671875,-12.734375,Respeck,Climbing stairs,12,s1721256,,Respeck_s1721256_Climbing stairs_02-10-2021_17-29-22
1633192124790,-0.2109375,0.63494873,0.1437378,34.75,-64.453125,-13.390625,Respeck,Climbing stairs,12,s1721256,,Respeck_s1721256_Climbing stairs_02-10-2021_17-29-22
1633192124821,-0.21582031,0.7501831,0.260437,-21.046875,-66.96875,-9.1875,Respeck,Climbing stairs,12,s1721256,,Respeck_s1721256_Climbing stairs_02-10-2021_17-29-22
1633192124863,-0.20043945,0.6786499,0.24627686,0.890625,12.421875,0.0,Respeck,Climbing stairs,12,s1721256,,Respeck_s1721256_Climbing stairs_02-10-2021_17-29-22
1633192124908,-0.22949219,0.67840576,0.19891357,-12.84375,22.328125,1.296875,Respeck,Climbing stairs,12,s1721256,,Respeck_s1721256_Climbing stairs_02-10-2021_17-29-22
1633192124939,-0.25463867,0.70648193,0.26287842,-11.6875,50.9375,6.328125,Respeck,Climbing stairs,12,s1721256,,Respeck_s1721256_Climbing stairs_02-10-2021_17-29-22
1633192125015,-0.2770996,0.7296753,0.27264404,-21.5625,57.875,11.765625,Respeck,Climbing stairs,12,s1721256,,Respeck_s1721256_Climbing stairs_02-10-2021_17-29-22
1633192125021,-0.24511719,0.8434448,0.2958374,-23.46875,5.078125,3.078125,Respeck,Climbing stairs,12,s1721256,,Respeck_s1721256_Climbing stairs_02-10-2021_17-29-22
1633192125089,-0.26660156,0.90252686,0.31243896,11.0,-33.953125,-2.15625,Respeck,Climbing stairs,12,s1721256,,Respeck_s1721256_Climbing stairs_02-10-2021_17-29-22
1633192125104,-0.31469727,0.96380615,0.33587646,5.1875,-39.828125,-6.203125,Respeck,Climbing stairs,12,s1721256,,Respeck_s1721256_Climbing stairs_02-10-2021_17-29-22
1633192125138,-0.38256836,1.0358276,0.3468628,0.4375,-45.375,-15.171875,Respeck,Climbing stairs,12,s1721256,,Respeck_s1721256_Climbing stairs_02-10-2021_17-29-22
1633192125208,-0.42773438,1.1361694,0.33563232,3.796875,-42.390625,-18.5625,Respeck,Climbing stairs,12,s1721256,,Respeck_s1721256_Climbing stairs_02-10-2021_17-29-22
1633192125211,-0.40307617,1.24823,0.35931396,10.171875,-2.5,-9.25,Respeck,Climbing stairs,12,s1721256,,Respeck_s1721256_Climbing stairs_02-10-2021_17-29-22
1633192125283,-0.41308594,1.3129272,0.2675171,12.265625,23.125,-1.46875,Respeck,Climbing stairs,12,s1721256,,Respeck_s1721256_Climbing stairs_02-10-2021_17-29-22
1633192125300,-0.3466797,1.2216187,0.2609253,8.015625,-3.3125,-4.5625,Respeck,Climbing stairs,12,s1721256,,Respeck_s1721256_Climbing stairs_02-10-2021_17-29-22
1633192125329,-0.26904297,0.99823,0.21722412,22.125,-6.421875,0.875,Respeck,Climbing stairs,12,s1721256,,Respeck_s1721256_Climbing stairs_02-10-2021_17-29-22
1633192125410,-0.19799805,1.0082397,0.23577881,22.546875,9.921875,23.875,Respeck,Climbing stairs,12,s1721256,,Respeck_s1721256_Climbing stairs_02-10-2021_17-29-22
1633192125416,-0.09643555,1.055603,0.22283936,21.78125,47.4375,32.5,Respeck,Climbing stairs,12,s1721256,,Respeck_s1721256_Climbing stairs_02-10-2021_17-29-22
1633192125450,-0.118652344,0.9869995,0.13226318,-1.890625,45.234375,14.296875,Respeck,Climbing stairs,12,s1721256,,Respeck_s1721256_Climbing stairs_02-10-2021_17-29-22
1633192125496,-0.2109375,0.8624878,-0.0029907227,-30.71875,-11.125,-14.875,Respeck,Climbing stairs,12,s1721256,,Respeck_s1721256_Climbing stairs_02-10-2021_17-29-22
1633192125526,-0.3076172,0.791687,-0.089660645,-58.265625,-104.078125,-27.890625,Respeck,Climbing stairs,12,s1721256,,Respeck_s1721256_Climbing stairs_02-10-2021_17-29-22
1633192125568,-0.21801758,0.73553467,-0.014953613,9.984375,-66.515625,-19.953125,Respeck,Climbing stairs,12,s1721256,,Respeck_s1721256_Climbing stairs_02-10-2021_17-29-22
1633192125598,-0.2175293,0.7399292,0.101989746,31.46875,5.9375,-6.203125,Respeck,Climbing stairs,12,s1721256,,Respeck_s1721256_Climbing stairs_02-10-2021_17-29-22
1633192125645,-0.1965332,0.6881714,0.14984131,8.875,-16.734375,-4.8125,Respeck,Climbing stairs,12,s1721256,,Respeck_s1721256_Climbing stairs_02-10-2021_17-29-22
1633192125688,-0.16113281,0.7518921,0.22821045,-7.421875,-31.421875,-6.21875,Respeck,Climbing stairs,12,s1721256,,Respeck_s1721256_Climbing stairs_02-10-2021_17-29-22
1633192125719,-0.123535156,0.7863159,0.27069092,-12.609375,-6.578125,-2.484375,Respeck,Climbing stairs,12,s1721256,,Respeck_s1721256_Climbing stairs_02-10-2021_17-29-22
1633192125765,-0.17773438,0.8920288,0.27557373,-6.734375,19.234375,-1.578125,Respeck,Climbing stairs,12,s1721256,,Respeck_s1721256_Climbing stairs_02-10-2021_17-29-22
1633192125808,-0.22363281,0.90911865,0.25335693,-4.046875,6.765625,-2.828125,Respeck,Climbing stairs,12,s1721256,,Respeck_s1721256_Climbing stairs_02-10-2021_17-29-22
1633192125839,-0.21875,0.9821167,0.2958374,-17.203125,-14.59375,-6.015625,Respeck,Climbing stairs,12,s1721256,,Respeck_s1721256_Climbing stairs_02-10-2021_17-29-22
1633192125885,-0.20581055,1.0204468,0.3156128,-7.5625,-9.953125,-5.640625,Respeck,Climbing stairs,12,s1721256,,Respeck_s1721256_Climbing stairs_02-10-2021_17-29-22
1633192125914,-0.22387695,1.0402222,0.28240967,-6.15625,0.453125,-6.25,Respeck,Climbing stairs,12,s1721256,,Respeck_s1721256_Climbing stairs_02-10-2021_17-29-22
1633192125959,-0.2631836,1.0343628,0.24163818,-2.421875,-4.265625,-7.140625,Respeck,Climbing stairs,12,s1721256,,Respeck_s1721256_Climbing stairs_02-10-2021_17-29-22
1633192126005,-0.29345703,1.1693726,0.24456787,-8.90625,-15.78125,-4.765625,Respeck,Climbing stairs,12,s1721256,,Respeck_s1721256_Climbing stairs_02-10-2021_17-29-22
1633192126033,-0.36083984,1.4262085,0.26409912,-3.828125,-3.546875,9.625,Respeck,Climbing stairs,12,s1721256,,Respeck_s1721256_Climbing stairs_02-10-2021_17-29-22
1633192126079,-0.40942383,1.5827026,0.2033081,3.140625,-1.5,17.765625,Respeck,Climbing stairs,12,s1721256,,Respeck_s1721256_Climbing stairs_02-10-2021_17-29-22
1633192126109,-0.34521484,1.3849487,0.15301514,6.4375,17.515625,26.65625,Respeck,Climbing stairs,12,s1721256,,Respeck_s1721256_Climbing stairs_02-10-2021_17-29-22
1633192126153,-0.36401367,1.0587769,-0.04425049,-15.203125,28.046875,18.671875,Respeck,Climbing stairs,12,s1721256,,Respeck_s1721256_Climbing stairs_02-10-2021_17-29-22
1633192126228,-0.42773438,0.88031006,-0.22857666,-46.25,56.125,17.265625,Respeck,Climbing stairs,12,s1721256,,Respeck_s1721256_Climbing stairs_02-10-2021_17-29-22
1633192126233,-0.36694336,0.9801636,-0.17388916,28.109375,137.09375,39.65625,Respeck,Climbing stairs,12,s1721256,,Respeck_s1721256_Climbing stairs_02-10-2021_17-29-22
1633192126274,-0.2734375,0.95306396,0.03265381,11.71875,120.890625,33.921875,Respeck,Climbing stairs,12,s1721256,,Respeck_s1721256_Climbing stairs_02-10-2021_17-29-22
1633192126304,-0.1899414,0.7992554,0.17694092,23.671875,76.609375,18.046875,Respeck,Climbing stairs,12,s1721256,,Respeck_s1721256_Climbing stairs_02-10-2021_17-29-22
1633192126349,-0.037109375,0.6117554,0.23504639,-14.90625,62.171875,21.0625,Respeck,Climbing stairs,12,s1721256,,Respeck_s1721256_Climbing stairs_02-10-2021_17-29-22
1633192126395,-0.13061523,0.48114014,0.21746826,-24.9375,19.65625,0.65625,Respeck,Climbing stairs,12,s1721256,,Respeck_s1721256_Climbing stairs_02-10-2021_17-29-22
1633192126424,-0.21411133,0.5548706,0.16790771,12.890625,-50.96875,-15.40625,Respeck,Climbing stairs,12,s1721256,,Respeck_s1721256_Climbing stairs_02-10-2021_17-29-22
1633192126468,-0.2775879,0.6442261,0.15106201,28.484375,-87.796875,-22.140625,Respeck,Climbing stairs,12,s1721256,,Respeck_s1721256_Climbing stairs_02-10-2021_17-29-22
1633192126498,-0.34643555,0.7843628,0.17352295,-14.421875,-87.484375,-28.25,Respeck,Climbing stairs,12,s1721256,,Respeck_s1721256_Climbing stairs_02-10-2021_17-29-22
1633192126543,-0.44921875,0.8744507,0.2177124,4.140625,-47.828125,-17.34375,Respeck,Climbing stairs,12,s1721256,,Respeck_s1721256_Climbing stairs_02-10-2021_17-29-22
1633192126619,-0.4790039,0.8756714,0.29315186,-0.640625,11.140625,-4.578125,Respeck,Climbing stairs,12,s1721256,,Respeck_s1721256_Climbing stairs_02-10-2021_17-29-22
1633192126626,-0.41137695,0.8175659,0.3439331,-11.203125,49.015625,13.5,Respeck,Climbing stairs,12,s1721256,,Respeck_s1721256_Climbing stairs_02-10-2021_17-29-22
1633192126664,-0.27026367,0.81585693,0.37713623,-6.015625,19.265625,9.5625,Respeck,Climbing stairs,12,s1721256,,Respeck_s1721256_Climbing stairs_02-10-2021_17-29-22
1633192126692,-0.25439453,0.85443115,0.3209839,12.015625,-24.078125,-1.421875,Respeck,Climbing stairs,12,s1721256,,Respeck_s1721256_Climbing stairs_02-10-2021_17-29-22
1633192126739,-0.36328125,0.99090576,0.37298584,5.53125,-39.515625,-11.5,Respeck,Climbing stairs,12,s1721256,,Respeck_s1721256_Climbing stairs_02-10-2021_17-29-22
1633192126783,-0.44335938,1.0778198,0.34100342,3.25,-9.921875,-17.21875,Respeck,Climbing stairs,12,s1721256,,Respeck_s1721256_Climbing stairs_02-10-2021_17-29-22
1633192126814,-0.5776367,1.3153687,0.3336792,11.15625,-28.5,-20.015625,Respeck,Climbing stairs,12,s1721256,,Respeck_s1721256_Climbing stairs_02-10-2021_17-29-22
1633192126859,-0.48266602,1.3231812,0.3156128,24.03125,-2.90625,-7.796875,Respeck,Climbing stairs,12,s1721256,,Respeck_s1721256_Climbing stairs_02-10-2021_17-29-22
1633192126890,-0.4260254,1.4069214,0.29315186,12.53125,37.78125,-0.453125,Respeck,Climbing stairs,12,s1721256,,Respeck_s1721256_Climbing stairs_02-10-2021_17-29-22
1633192126933,-0.35546875,1.0785522,0.19769287,5.546875,39.8125,1.359375,Respeck,Climbing stairs,12,s1721256,,Respeck_s1721256_Climbing stairs_02-10-2021_17-29-22
1633192126979,-0.25634766,0.99920654,0.1876831,2.234375,41.15625,19.578125,Respeck,Climbing stairs,12,s1721256,,Respeck_s1721256_Climbing stairs_02-10-2021_17-29-22
1633192127009,-0.1616211,1.0126343,0.17254639,5.21875,56.5,29.3125,Respeck,Climbing stairs,12,s1721256,,Respeck_s1721256_Climbing stairs_02-10-2021_17-29-22
1633192127053,-0.13745117,0.8895874,0.098083496,-6.1875,12.4375,12.984375,Respeck,Climbing stairs,12,s1721256,,Respeck_s1721256_Climbing stairs_02-10-2021_17-29-22
1633192127086,-0.114990234,0.8148804,0.17962646,-20.75,-67.40625,-9.9375,Respeck,Climbing stairs,12,s1721256,,Respeck_s1721256_Climbing stairs_02-10-2021_17-29-22
1633192127129,-0.15356445,0.6491089,0.08148193,21.140625,-87.34375,-27.515625,Respeck,Climbing stairs,12,s1721256,,Respeck_s1721256_Climbing stairs_02-10-2021_17-29-22
1633192127174,-0.16894531,0.68670654,0.11907959,-27.953125,-111.390625,-37.078125,Respeck,Climbing stairs,12,s1721256,,Respeck_s1721256_Climbing stairs_02-10-2021_17-29-22
1633192127203,-0.17700195,0.72210693,0.11273193,11.109375,-34.75,-20.09375,Respeck,Climbing stairs,12,s1721256,,Respeck_s1721256_Climbing stairs_02-10-2021_17-29-22
1633192127248,-0.22875977,0.71917725,0.10443115,2.328125,30.515625,-6.65625,Respeck,Climbing stairs,12,s1721256,,Respeck_s1721256_Climbing stairs_02-10-2021_17-29-22
1633192127280,-0.21557617,0.821228,0.1720581,19.515625,38.59375,4.734375,Respeck,Climbing stairs,12,s1721256,,Respeck_s1721256_Climbing stairs_02-10-2021_17-29-22
1633192127324,-0.15478516,0.85369873,0.262146,-33.265625,43.21875,7.203125,Respeck,Climbing stairs,12,s1721256,,Respeck_s1721256_Climbing stairs_02-10-2021_17-29-22
1633192127368,-0.11376953,0.9171753,0.32855225,-64.515625,36.28125,3.109375,Respeck,Climbing stairs,12,s1721256,,Respeck_s1721256_Climbing stairs_02-10-2021_17-29-22
1633192127401,-0.18774414,0.91204834,0.3234253,-9.625,-15.640625,-12.609375,Respeck,Climbing stairs,12,s1721256,,Respeck_s1721256_Climbing stairs_02-10-2021_17-29-22
1633192127444,-0.2746582,0.9328003,0.30999756,7.0625,-30.0625,-12.15625,Respeck,Climbing stairs,12,s1721256,,Respeck_s1721256_Climbing stairs_02-10-2021_17-29-22
1633192127476,-0.24243164,0.96502686,0.24359131,19.625,-17.734375,0.359375,Respeck,Climbing stairs,12,s1721256,,Respeck_s1721256_Climbing stairs_02-10-2021_17-29-22
1633192127520,-0.24194336,1.166687,0.29022217,-15.015625,7.046875,6.75,Respeck,Climbing stairs,12,s1721256,,Respeck_s1721256_Climbing stairs_02-10-2021_17-29-22
1633192127566,-0.3088379,1.164978,0.31488037,-19.453125,23.0625,8.328125,Respeck,Climbing stairs,12,s1721256,,Respeck_s1721256_Climbing stairs_02-10-2021_17-29-22
1633192127593,-0.2434082,1.2799683,0.39105225,-17.875,42.765625,33.1875,Respeck,Climbing stairs,12,s1721256,,Respeck_s1721256_Climbing stairs_02-10-2021_17-29-22
1633192127641,-0.20629883,1.4684448,0.3312378,13.9375,42.328125,33.0,Respeck,Climbing stairs,12,s1721256,,Respeck_s1721256_Climbing stairs_02-10-2021_17-29-22
1633192127671,-0.28100586,1.3390503,0.22259521,7.453125,-23.4375,-1.6875,Respeck,Climbing stairs,12,s1721256,,Respeck_s1721256_Climbing stairs_02-10-2021_17-29-22
1633192127714,-0.3544922,1.18573,-0.04864502,-1.96875,-93.0,-22.890625,Respeck,Climbing stairs,12,s1721256,,Respeck_s1721256_Climbing stairs_02-10-2021_17-29-22
1633192127760,-0.4506836,0.8842163,-0.3567505,-33.921875,-117.375,-26.28125,Respeck,Climbing stairs,12,s1721256,,Respeck_s1721256_Climbing stairs_02-10-2021_17-29-22
1633192127789,-0.42993164,0.9098511,-0.35528564,29.203125,41.875,12.703125,Respeck,Climbing stairs,12,s1721256,,Respeck_s1721256_Climbing stairs_02-10-2021_17-29-22
1633192127833,-0.30664062,0.930603,-0.12628174,25.265625,83.15625,18.5625,Respeck,Climbing stairs,12,s1721256,,Respeck_s1721256_Climbing stairs_02-10-2021_17-29-22
1633192127866,-0.29956055,0.89642334,-0.0022583008,20.8125,32.515625,5.28125,Respeck,Climbing stairs,12,s1721256,,Respeck_s1721256_Climbing stairs_02-10-2021_17-29-22
1633192127938,-0.3671875,0.8632202,-0.013977051,20.9375,-18.875,-7.8125,Respeck,Climbing stairs,12,s1721256,,Respeck_s1721256_Climbing stairs_02-10-2021_17-29-22
1633192127952,-0.34570312,0.6359253,-0.046203613,-25.09375,-16.109375,-5.84375,Respeck,Climbing stairs,12,s1721256,,Respeck_s1721256_Climbing stairs_02-10-2021_17-29-22
1633192127986,-0.19848633,0.5092163,0.2230835,0.8125,105.953125,26.0,Respeck,Climbing stairs,12,s1721256,,Respeck_s1721256_Climbing stairs_02-10-2021_17-29-22
1633192128029,-0.19116211,0.6959839,0.1774292,4.625,201.28125,60.453125,Respeck,Climbing stairs,12,s1721256,,Respeck_s1721256_Climbing stairs_02-10-2021_17-29-22
1633192128074,-0.29174805,0.6469116,0.06781006,-44.828125,161.29688,34.1875,Respeck,Climbing stairs,12,s1721256,,Respeck_s1721256_Climbing stairs_02-10-2021_17-29-22
1633192128103,-0.26098633,0.76190186,0.17840576,-25.625,80.0625,19.609375,Respeck,Climbing stairs,12,s1721256,,Respeck_s1721256_Climbing stairs_02-10-2021_17-29-22
1633192128149,-0.2619629,0.8192749,0.16766357,-13.640625,31.234375,8.015625,Respeck,Climbing stairs,12,s1721256,,Respeck_s1721256_Climbing stairs_02-10-2021_17-29-22
1633192128179,-0.25317383,0.8629761,0.24920654,-21.984375,9.09375,-4.609375,Respeck,Climbing stairs,12,s1721256,,Respeck_s1721256_Climbing stairs_02-10-2021_17-29-22
1633192128226,-0.23706055,0.84198,0.27825928,-31.34375,-22.6875,-16.140625,Respeck,Climbing stairs,12,s1721256,,Respeck_s1721256_Climbing stairs_02-10-2021_17-29-22
1633192128253,-0.29418945,0.8439331,0.37225342,-39.296875,-36.0625,-27.03125,Respeck,Climbing stairs,12,s1721256,,Respeck_s1721256_Climbing stairs_02-10-2021_17-29-22
1633192128301,-0.34448242,0.87298584,0.37005615,-3.03125,-9.875,-15.4375,Respeck,Climbing stairs,12,s1721256,,Respeck_s1721256_Climbing stairs_02-10-2021_17-29-22
1633192128344,-0.359375,0.8619995,0.32244873,-7.75,-20.515625,-15.3125,Respeck,Climbing stairs,12,s1721256,,Respeck_s1721256_Climbing stairs_02-10-2021_17-29-22
1633192128373,-0.4038086,0.92962646,0.26239014,16.84375,-35.65625,-13.734375,Respeck,Climbing stairs,12,s1721256,,Respeck_s1721256_Climbing stairs_02-10-2021_17-29-22
1633192128419,-0.40185547,1.0214233,0.27215576,13.15625,-18.78125,-8.734375,Respeck,Climbing stairs,12,s1721256,,Respeck_s1721256_Climbing stairs_02-10-2021_17-29-22
1633192128464,-0.33325195,1.100769,0.31878662,6.578125,42.9375,1.859375,Respeck,Climbing stairs,12,s1721256,,Respeck_s1721256_Climbing stairs_02-10-2021_17-29-22
1633192128496,-0.27954102,1.2599487,0.35443115,-15.140625,91.125,13.546875,Respeck,Climbing stairs,12,s1721256,,Respeck_s1721256_Climbing stairs_02-10-2021_17-29-22
1633192128540,-0.28979492,1.3671265,0.3204956,13.375,19.171875,3.078125,Respeck,Climbing stairs,12,s1721256,,Respeck_s1721256_Climbing stairs_02-10-2021_17-29-22
1633192128569,-0.28222656,1.0870972,0.19207764,67.625,-42.0,-13.5,Respeck,Climbing stairs,12,s1721256,,Respeck_s1721256_Climbing stairs_02-10-2021_17-29-22
1633192128616,-0.19458008,0.7172241,-0.11627197,-19.5,-80.5625,-16.0,Respeck,Climbing stairs,12,s1721256,,Respeck_s1721256_Climbing stairs_02-10-2021_17-29-22
1633192128660,-0.26123047,0.6383667,-0.12994385,-37.859375,1.46875,-1.546875,Respeck,Climbing stairs,12,s1721256,,Respeck_s1721256_Climbing stairs_02-10-2021_17-29-22
1633192128703,-0.22436523,0.9225464,-0.15509033,33.71875,123.015625,25.859375,Respeck,Climbing stairs,12,s1721256,,Respeck_s1721256_Climbing stairs_02-10-2021_17-29-22
1633192128736,-0.15966797,1.1259155,0.00579834,2.265625,172.20312,41.109375,Respeck,Climbing stairs,12,s1721256,,Respeck_s1721256_Climbing stairs_02-10-2021_17-29-22
1633192128764,-0.1015625,1.0673218,0.085876465,-28.453125,139.78125,40.578125,Respeck,Climbing stairs,12,s1721256,,Respeck_s1721256_Climbing stairs_02-10-2021_17-29-22
1633192128808,-0.1484375,0.9911499,0.07147217,-14.40625,40.40625,13.984375,Respeck,Climbing stairs,12,s1721256,,Respeck_s1721256_Climbing stairs_02-10-2021_17-29-22
1633192128853,-0.17285156,0.934021,0.113464355,-6.3125,-65.46875,-13.453125,Respeck,Climbing stairs,12,s1721256,,Respeck_s1721256_Climbing stairs_02-10-2021_17-29-22
1633192128882,-0.18945312,0.8786011,0.15960693,-2.53125,-86.671875,-23.1875,Respeck,Climbing stairs,12,s1721256,,Respeck_s1721256_Climbing stairs_02-10-2021_17-29-22
1633192128927,-0.17919922,0.8739624,0.25726318,18.640625,-63.75,-14.609375,Respeck,Climbing stairs,12,s1721256,,Respeck_s1721256_Climbing stairs_02-10-2021_17-29-22
1633192128958,-0.19091797,0.86224365,0.2987671,-28.796875,-41.578125,-15.5625,Respeck,Climbing stairs,12,s1721256,,Respeck_s1721256_Climbing stairs_02-10-2021_17-29-22
1633192129004,-0.3017578,0.8488159,0.50701904,-64.015625,72.640625,12.1875,Respeck,Climbing stairs,12,s1721256,,Respeck_s1721256_Climbing stairs_02-10-2021_17-29-22
1633192129049,-0.19384766,0.9376831,0.32489014,-26.421875,124.453125,37.765625,Respeck,Climbing stairs,12,s1721256,,Respeck_s1721256_Climbing stairs_02-10-2021_17-29-22
1633192129079,-0.12963867,1.0707397,0.3312378,-6.90625,45.90625,17.0625,Respeck,Climbing stairs,12,s1721256,,Respeck_s1721256_Climbing stairs_02-10-2021_17-29-22
1633192129126,-0.2211914,1.078064,0.2897339,12.25,-26.421875,-3.265625,Respeck,Climbing stairs,12,s1721256,,Respeck_s1721256_Climbing stairs_02-10-2021_17-29-22
1633192129153,-0.36450195,1.0297241,0.30145264,18.890625,-61.828125,-10.09375,Respeck,Climbing stairs,12,s1721256,,Respeck_s1721256_Climbing stairs_02-10-2021_17-29-22
1633192129216,-0.44140625,1.0907593,0.37713623,18.140625,-27.59375,8.53125,Respeck,Climbing stairs,12,s1721256,,Respeck_s1721256_Climbing stairs_02-10-2021_17-29-22
1633192129244,-0.37060547,1.2999878,0.32659912,24.859375,-5.421875,20.375,Respeck,Climbing stairs,12,s1721256,,Respeck_s1721256_Climbing stairs_02-10-2021_17-29-22
1633192129273,-0.2866211,1.0426636,0.19256592,46.71875,-27.515625,14.765625,Respeck,Climbing stairs,12,s1721256,,Respeck_s1721256_Climbing stairs_02-10-2021_17-29-22
1633192129321,-0.34643555,0.95648193,-0.08453369,1.484375,-53.328125,0.15625,Respeck,Climbing stairs,12,s1721256,,Respeck_s1721256_Climbing stairs_02-10-2021_17-29-22
1633192129350,-0.48950195,0.9274292,-0.3916626,-91.140625,26.453125,-0.25,Respeck,Climbing stairs,12,s1721256,,Respeck_s1721256_Climbing stairs_02-10-2021_17-29-22
1633192129392,-0.62719727,0.6102905,-0.5586548,-18.140625,176.5,7.9375,Respeck,Climbing stairs,12,s1721256,,Respeck_s1721256_Climbing stairs_02-10-2021_17-29-22
1633192129440,-0.5336914,0.94647217,-0.26861572,21.46875,143.89062,22.203125,Respeck,Climbing stairs,12,s1721256,,Respeck_s1721256_Climbing stairs_02-10-2021_17-29-22
1633192129470,-0.2878418,1.0014038,0.109069824,15.0625,171.21875,61.78125,Respeck,Climbing stairs,12,s1721256,,Respeck_s1721256_Climbing stairs_02-10-2021_17-29-22
1633192129512,-0.1694336,0.8883667,0.22235107,31.0625,182.73438,76.9375,Respeck,Climbing stairs,12,s1721256,,Respeck_s1721256_Climbing stairs_02-10-2021_17-29-22
1633192129543,0.032958984,0.8151245,0.2453003,-54.1875,120.484375,40.75,Respeck,Climbing stairs,12,s1721256,,Respeck_s1721256_Climbing stairs_02-10-2021_17-29-22
1633192129588,-0.15576172,0.85198975,0.2538452,-64.78125,8.71875,-1.140625,Respeck,Climbing stairs,12,s1721256,,Respeck_s1721256_Climbing stairs_02-10-2021_17-29-22
1633192129635,-0.3215332,0.8019409,0.230896,-33.515625,-109.296875,-50.34375,Respeck,Climbing stairs,12,s1721256,,Respeck_s1721256_Climbing stairs_02-10-2021_17-29-22
1633192129663,-0.5065918,0.80267334,0.28411865,2.296875,-195.76562,-70.5625,Respeck,Climbing stairs,12,s1721256,,Respeck_s1721256_Climbing stairs_02-10-2021_17-29-22
1633192129739,-0.5593262,0.8317261,0.43695068,36.875,-81.5,-19.0,Respeck,Climbing stairs,12,s1721256,,Respeck_s1721256_Climbing stairs_02-10-2021_17-29-22
1633192129745,-0.46948242,0.7680054,0.3690796,-4.453125,53.59375,0.875,Respeck,Climbing stairs,12,s1721256,,Respeck_s1721256_Climbing stairs_02-10-2021_17-29-22
1633192129814,-0.3400879,0.8378296,0.41864014,-35.0625,78.359375,5.21875,Respeck,Climbing stairs,12,s1721256,,Respeck_s1721256_Climbing stairs_02-10-2021_17-29-22
1633192129828,-0.29101562,0.9828491,0.39300537,-3.03125,39.265625,-0.25,Respeck,Climbing stairs,12,s1721256,,Respeck_s1721256_Climbing stairs_02-10-2021_17-29-22
1633192129859,-0.26953125,1.0372925,0.42132568,9.828125,15.375,-9.234375,Respeck,Climbing stairs,12,s1721256,,Respeck_s1721256_Climbing stairs_02-10-2021_17-29-22
1633192129934,-0.3347168,0.9989624,0.4328003,6.09375,25.125,-13.03125,Respeck,Climbing stairs,12,s1721256,,Respeck_s1721256_Climbing stairs_02-10-2021_17-29-22
1633192129940,-0.4206543,1.0133667,0.4100952,12.96875,20.390625,-10.84375,Respeck,Climbing stairs,12,s1721256,,Respeck_s1721256_Climbing stairs_02-10-2021_17-29-22
1633192130008,-0.47924805,1.0892944,0.38812256,16.140625,-3.921875,-7.0,Respeck,Climbing stairs,12,s1721256,,Respeck_s1721256_Climbing stairs_02-10-2021_17-29-22
1633192130025,-0.50146484,1.2850952,0.28826904,24.609375,-30.640625,-7.90625,Respeck,Climbing stairs,12,s1721256,,Respeck_s1721256_Climbing stairs_02-10-2021_17-29-22
1633192130055,-0.3630371,0.9423218,0.12225342,49.78125,-80.109375,3.609375,Respeck,Climbing stairs,12,s1721256,,Respeck_s1721256_Climbing stairs_02-10-2021_17-29-22
1633192130129,-0.21362305,0.65618896,-0.053771973,-17.515625,-82.34375,10.34375,Respeck,Climbing stairs,12,s1721256,,Respeck_s1721256_Climbing stairs_02-10-2021_17-29-22
1633192130134,-0.22216797,0.7814331,-0.04058838,-45.890625,76.234375,22.21875,Respeck,Climbing stairs,12,s1721256,,Respeck_s1721256_Climbing stairs_02-10-2021_17-29-22
1633192130189,-0.22924805,1.138855,-0.08258057,-13.28125,211.46875,56.453125,Respeck,Climbing stairs,12,s1721256,,Respeck_s1721256_Climbing stairs_02-10-2021_17-29-22
1633192130237,-0.2788086,1.203064,-0.09625244,-72.546875,191.60938,45.3125,Respeck,Climbing stairs,12,s1721256,,Respeck_s1721256_Climbing stairs_02-10-2021_17-29-22
1633192130248,-0.2746582,0.9244995,-0.11505127,-19.09375,56.078125,15.65625,Respeck,Climbing stairs,12,s1721256,,Respeck_s1721256_Climbing stairs_02-10-2021_17-29-22
1633192130293,-0.21948242,0.92181396,0.032165527,-9.390625,-27.21875,-4.359375,Respeck,Climbing stairs,12,s1721256,,Respeck_s1721256_Climbing stairs_02-10-2021_17-29-22
1633192130322,-0.1965332,0.95233154,0.16326904,-6.546875,-21.640625,-11.8125,Respeck,Climbing stairs,12,s1721256,,Respeck_s1721256_Climbing stairs_02-10-2021_17-29-22
1633192130368,-0.22290039,0.94085693,0.23480225,-6.875,-11.0,-9.484375,Respeck,Climbing stairs,12,s1721256,,Respeck_s1721256_Climbing stairs_02-10-2021_17-29-22
1633192130444,-0.20922852,1.0028687,0.29852295,-23.25,-16.5625,-7.0,Respeck,Climbing stairs,12,s1721256,,Respeck_s1721256_Climbing stairs_02-10-2021_17-29-22
1633192130447,-0.23608398,0.9069214,0.46063232,-78.4375,24.046875,-8.875,Respeck,Climbing stairs,12,s1721256,,Respeck_s1721256_Climbing stairs_02-10-2021_17-29-22
1633192130489,-0.22802734,0.89398193,0.401062,-21.203125,114.328125,11.421875,Respeck,Climbing stairs,12,s1721256,,Respeck_s1721256_Climbing stairs_02-10-2021_17-29-22
1633192130520,-0.17504883,0.96429443,0.33514404,-15.21875,20.75,-4.859375,Respeck,Climbing stairs,12,s1721256,,Respeck_s1721256_Climbing stairs_02-10-2021_17-29-22
1633192130563,-0.23901367,0.91693115,0.2662964,21.625,-22.90625,-14.859375,Respeck,Climbing stairs,12,s1721256,,Respeck_s1721256_Climbing stairs_02-10-2021_17-29-22
1633192130608,-0.2783203,0.89959717,0.20233154,27.859375,-28.765625,-15.0,Respeck,Climbing stairs,12,s1721256,,Respeck_s1721256_Climbing stairs_02-10-2021_17-29-22
1633192130640,-0.28442383,0.88275146,0.17059326,-1.0,-27.140625,-13.40625,Respeck,Climbing stairs,12,s1721256,,Respeck_s1721256_Climbing stairs_02-10-2021_17-29-22
1633192130687,-0.27001953,0.88153076,0.17401123,-13.109375,6.40625,-2.34375,Respeck,Climbing stairs,12,s1721256,,Respeck_s1721256_Climbing stairs_02-10-2021_17-29-22
1633192130713,-0.2614746,1.0892944,0.22259521,-11.34375,68.15625,12.109375,Respeck,Climbing stairs,12,s1721256,,Respeck_s1721256_Climbing stairs_02-10-2021_17-29-22
1633192130759,-0.30639648,1.2677612,0.24212646,-20.984375,101.609375,17.71875,Respeck,Climbing stairs,12,s1721256,,Respeck_s1721256_Climbing stairs_02-10-2021_17-29-22
1633192130804,-0.38671875,1.3771362,0.25726318,-33.03125,70.28125,12.953125,Respeck,Climbing stairs,12,s1721256,,Respeck_s1721256_Climbing stairs_02-10-2021_17-29-22
1633192130833,-0.42236328,1.3046265,0.19818115,-9.078125,-15.109375,1.625,Respeck,Climbing stairs,12,s1721256,,Respeck_s1721256_Climbing stairs_02-10-2021_17-29-22
1633192130879,-0.3256836,1.2821655,0.21234131,12.9375,-41.40625,1.984375,Respeck,Climbing stairs,12,s1721256,,Respeck_s1721256_Climbing stairs_02-10-2021_17-29-22
1633192130923,-0.31103516,1.1137085,0.2020874,5.59375,38.640625,19.375,Respeck,Climbing stairs,12,s1721256,,Respeck_s1721256_Climbing stairs_02-10-2021_17-29-22
1633192130954,-0.35668945,0.95648193,0.035339355,7.90625,54.765625,22.515625,Respeck,Climbing stairs,12,s1721256,,Respeck_s1721256_Climbing stairs_02-10-2021_17-29-22
1633192130999,-0.3491211,0.97039795,-0.08770752,-34.9375,66.140625,23.578125,Respeck,Climbing stairs,12,s1721256,,Respeck_s1721256_Climbing stairs_02-10-2021_17-29-22
1633192131028,-0.46313477,0.9762573,-0.37506104,-37.9375,86.890625,28.671875,Respeck,Climbing stairs,12,s1721256,,Respeck_s1721256_Climbing stairs_02-10-2021_17-29-22
1633192131073,-0.5007324,0.8710327,-0.46099854,-51.90625,101.546875,18.171875,Respeck,Climbing stairs,12,s1721256,,Respeck_s1721256_Climbing stairs_02-10-2021_17-29-22
1633192131120,-0.38012695,0.7098999,-0.2300415,8.28125,95.796875,15.03125,Respeck,Climbing stairs,12,s1721256,,Respeck_s1721256_Climbing stairs_02-10-2021_17-29-22
1633192131149,-0.2775879,0.7055054,-0.041809082,17.40625,30.65625,2.3125,Respeck,Climbing stairs,12,s1721256,,Respeck_s1721256_Climbing stairs_02-10-2021_17-29-22
1633192131194,-0.24389648,0.763855,0.10784912,19.59375,-15.796875,-5.453125,Respeck,Climbing stairs,12,s1721256,,Respeck_s1721256_Climbing stairs_02-10-2021_17-29-22
1633192131225,-0.18847656,0.7250366,0.20721436,7.4375,-35.390625,-11.609375,Respeck,Climbing stairs,12,s1721256,,Respeck_s1721256_Climbing stairs_02-10-2021_17-29-22
1633192131269,-0.19018555,0.776062,0.2518921,-5.640625,-44.390625,-15.703125,Respeck,Climbing stairs,12,s1721256,,Respeck_s1721256_Climbing stairs_02-10-2021_17-29-22
1633192131313,-0.15820312,0.7797241,0.26263428,2.0625,-45.0,-23.21875,Respeck,Climbing stairs,12,s1721256,,Respeck_s1721256_Climbing stairs_02-10-2021_17-29-22
1633192131343,-0.28344727,0.85321045,0.2140503,-5.5625,-49.875,-39.65625,Respeck,Climbing stairs,12,s1721256,,Respeck_s1721256_Climbing stairs_02-10-2021_17-29-22
1633192131390,-0.37768555,0.8566284,0.16546631,20.78125,-78.828125,-42.390625,Respeck,Climbing stairs,12,s1721256,,Respeck_s1721256_Climbing stairs_02-10-2021_17-29-22
1633192131418,-0.4633789,0.8410034,0.26898193,27.125,-124.5625,-35.890625,Respeck,Climbing stairs,12,s1721256,,Respeck_s1721256_Climbing stairs_02-10-2021_17-29-22
1633192131465,-0.45825195,1.0748901,0.38519287,29.4375,-14.140625,2.484375,Respeck,Climbing stairs,12,s1721256,,Respeck_s1721256_Climbing stairs_02-10-2021_17-29-22
1633192131509,-0.38378906,1.4325562,0.3217163,7.390625,22.21875,22.59375,Respeck,Climbing stairs,12,s1721256,,Respeck_s1721256_Climbing stairs_02-10-2021_17-29-22
1633192131539,-0.4152832,1.555603,0.20428467,31.3125,49.265625,25.1875,Respeck,Climbing stairs,12,s1721256,,Respeck_s1721256_Climbing stairs_02-10-2021_17-29-22
1633192131584,-0.32592773,1.1036987,0.034118652,-10.40625,65.03125,27.703125,Respeck,Climbing stairs,12,s1721256,,Respeck_s1721256_Climbing stairs_02-10-2021_17-29-22
1633192131615,-0.31982422,0.98187256,-0.04107666,-10.921875,69.078125,35.96875,Respeck,Climbing stairs,12,s1721256,,Respeck_s1721256_Climbing stairs_02-10-2021_17-29-22
1633192131658,-0.27026367,1.0458374,-0.005432129,25.515625,54.3125,41.453125,Respeck,Climbing stairs,12,s1721256,,Respeck_s1721256_Climbing stairs_02-10-2021_17-29-22
1633192131735,-0.07861328,0.9960327,0.1317749,24.0625,53.0,50.28125,Respeck,Climbing stairs,12,s1721256,,Respeck_s1721256_Climbing stairs_02-10-2021_17-29-22
1633192131741,0.09692383,0.852478,0.08343506,0.390625,117.1875,33.859375,Respeck,Climbing stairs,12,s1721256,,Respeck_s1721256_Climbing stairs_02-10-2021_17-29-22
1633192131779,-0.11621094,0.6676636,0.07733154,-60.140625,9.25,1.5625,Respeck,Climbing stairs,12,s1721256,,Respeck_s1721256_Climbing stairs_02-10-2021_17-29-22
1633192131808,-0.21264648,0.6950073,0.00091552734,-42.0,-114.28125,-33.15625,Respeck,Climbing stairs,12,s1721256,,Respeck_s1721256_Climbing stairs_02-10-2021_17-29-22
1633192131853,-0.18920898,0.7079468,0.06781006,27.328125,-97.75,-37.4375,Respeck,Climbing stairs,12,s1721256,,Respeck_s1721256_Climbing stairs_02-10-2021_17-29-22
1633192131898,-0.24023438,0.8222046,0.16229248,31.640625,-58.5625,-25.03125,Respeck,Climbing stairs,12,s1721256,,Respeck_s1721256_Climbing stairs_02-10-2021_17-29-22
1633192131928,-0.25170898,0.8781128,0.22869873,2.625,-63.953125,-21.53125,Respeck,Climbing stairs,12,s1721256,,Respeck_s1721256_Climbing stairs_02-10-2021_17-29-22
1633192131974,-0.32373047,0.94696045,0.36151123,-30.796875,-66.625,-30.09375,Respeck,Climbing stairs,12,s1721256,,Respeck_s1721256_Climbing stairs_02-10-2021_17-29-22
1633192132007,-0.4243164,0.8571167,0.40325928,-5.375,63.96875,2.046875,Respeck,Climbing stairs,12,s1721256,,Respeck_s1721256_Climbing stairs_02-10-2021_17-29-22
1633192132048,-0.2944336,0.90838623,0.29803467,-27.484375,78.125,20.0,Respeck,Climbing stairs,12,s1721256,,Respeck_s1721256_Climbing stairs_02-10-2021_17-29-22
1633192132094,-0.17773438,0.9611206,0.2843628,-3.953125,24.09375,11.1875,Respeck,Climbing stairs,12,s1721256,,Respeck_s1721256_Climbing stairs_02-10-2021_17-29-22
1633192132124,-0.23999023,0.9862671,0.23187256,22.640625,-46.125,-3.625,Respeck,Climbing stairs,12,s1721256,,Respeck_s1721256_Climbing stairs_02-10-2021_17-29-22
1633192132168,-0.265625,1.090271,0.2411499,23.703125,-80.953125,-11.75,Respeck,Climbing stairs,12,s1721256,,Respeck_s1721256_Climbing stairs_02-10-2021_17-29-22
1633192132197,-0.28222656,1.241394,0.26800537,2.953125,-70.5,-8.78125,Respeck,Climbing stairs,12,s1721256,,Respeck_s1721256_Climbing stairs_02-10-2021_17-29-22
1633192132242,-0.33203125,1.4501343,0.2501831,5.015625,-19.15625,4.109375,Respeck,Climbing stairs,12,s1721256,,Respeck_s1721256_Climbing stairs_02-10-2021_17-29-22
1633192132289,-0.3359375,1.3305054,0.15960693,-3.140625,11.890625,10.859375,Respeck,Climbing stairs,12,s1721256,,Respeck_s1721256_Climbing stairs_02-10-2021_17-29-22
1633192132320,-0.34570312,1.1390991,0.08905029,3.109375,5.546875,14.046875,Respeck,Climbing stairs,12,s1721256,,Respeck_s1721256_Climbing stairs_02-10-2021_17-29-22
1633192132363,-0.3557129,0.94866943,0.0036010742,-3.484375,-28.65625,2.640625,Respeck,Climbing stairs,12,s1721256,,Respeck_s1721256_Climbing stairs_02-10-2021_17-29-22
1633192132393,-0.3659668,0.857605,-0.03765869,6.28125,-50.703125,-3.71875,Respeck,Climbing stairs,12,s1721256,,Respeck_s1721256_Climbing stairs_02-10-2021_17-29-22
1633192132441,-0.38208008,0.9320679,-0.05621338,6.234375,0.90625,9.609375,Respeck,Climbing stairs,12,s1721256,,Respeck_s1721256_Climbing stairs_02-10-2021_17-29-22
1633192132484,-0.39892578,0.85369873,-0.105285645,-7.5625,66.6875,19.015625,Respeck,Climbing stairs,12,s1721256,,Respeck_s1721256_Climbing stairs_02-10-2021_17-29-22
1633192132513,-0.3137207,0.7548218,0.009216309,4.453125,115.234375,25.90625,Respeck,Climbing stairs,12,s1721256,,Respeck_s1721256_Climbing stairs_02-10-2021_17-29-22
1633192132559,-0.20263672,0.7682495,0.14520264,15.640625,138.17188,40.1875,Respeck,Climbing stairs,12,s1721256,,Respeck_s1721256_Climbing stairs_02-10-2021_17-29-22
1633192132588,-0.1496582,0.7523804,0.22381592,-18.828125,150.92188,37.78125,Respeck,Climbing stairs,12,s1721256,,Respeck_s1721256_Climbing stairs_02-10-2021_17-29-22
1633192132634,-0.20898438,0.7301636,0.22137451,-61.515625,42.0,-7.890625,Respeck,Climbing stairs,12,s1721256,,Respeck_s1721256_Climbing stairs_02-10-2021_17-29-22
1633192132680,-0.29541016,0.71014404,0.22576904,11.84375,-64.34375,-30.640625,Respeck,Climbing stairs,12,s1721256,,Respeck_s1721256_Climbing stairs_02-10-2021_17-29-22
1633192132708,-0.3232422,0.7255249,0.16473389,13.46875,-108.5625,-34.25,Respeck,Climbing stairs,12,s1721256,,Respeck_s1721256_Climbing stairs_02-10-2021_17-29-22
1633192132756,-0.34570312,0.77923584,0.2584839,-9.546875,-47.296875,-15.546875,Respeck,Climbing stairs,12,s1721256,,Respeck_s1721256_Climbing stairs_02-10-2021_17-29-22
1633192132784,-0.31713867,0.77752686,0.25115967,-13.65625,42.046875,5.3125,Respeck,Climbing stairs,12,s1721256,,Respeck_s1721256_Climbing stairs_02-10-2021_17-29-22
1633192132829,-0.31030273,0.9633179,0.29632568,-23.390625,64.375,14.421875,Respeck,Climbing stairs,12,s1721256,,Respeck_s1721256_Climbing stairs_02-10-2021_17-29-22
1633192132876,-0.3178711,0.9567261,0.2826538,-14.171875,6.125,1.90625,Respeck,Climbing stairs,12,s1721256,,Respeck_s1721256_Climbing stairs_02-10-2021_17-29-22
1633192132903,-0.3515625,1.0870972,0.40594482,-2.515625,-25.875,-5.3125,Respeck,Climbing stairs,12,s1721256,,Respeck_s1721256_Climbing stairs_02-10-2021_17-29-22
1633192132949,-0.34643555,1.0929565,0.42694092,6.890625,-14.59375,-13.390625,Respeck,Climbing stairs,12,s1721256,,Respeck_s1721256_Climbing stairs_02-10-2021_17-29-22
1633192132993,-0.39526367,1.227478,0.31658936,8.671875,-43.953125,-21.515625,Respeck,Climbing stairs,12,s1721256,,Respeck_s1721256_Climbing stairs_02-10-2021_17-29-22
1633192133025,-0.43823242,1.302185,0.2267456,59.734375,-89.8125,-19.828125,Respeck,Climbing stairs,12,s1721256,,Respeck_s1721256_Climbing stairs_02-10-2021_17-29-22
1633192133069,-0.33984375,1.1610718,0.1828003,24.515625,-58.53125,-14.328125,Respeck,Climbing stairs,12,s1721256,,Respeck_s1721256_Climbing stairs_02-10-2021_17-29-22
1633192133100,-0.30371094,1.0787964,0.16741943,9.984375,16.25,8.265625,Respeck,Climbing stairs,12,s1721256,,Respeck_s1721256_Climbing stairs_02-10-2021_17-29-22
1633192133143,-0.23071289,1.0167847,0.16204834,7.859375,52.296875,34.0625,Respeck,Climbing stairs,12,s1721256,,Respeck_s1721256_Climbing stairs_02-10-2021_17-29-22
1633192133174,-0.1694336,1.057312,0.13763428,3.59375,74.046875,31.875,Respeck,Climbing stairs,12,s1721256,,Respeck_s1721256_Climbing stairs_02-10-2021_17-29-22
1633192133218,-0.17089844,0.9730835,0.1239624,-13.421875,66.15625,19.34375,Respeck,Climbing stairs,12,s1721256,,Respeck_s1721256_Climbing stairs_02-10-2021_17-29-22
1633192133265,-0.17016602,0.87249756,0.0836792,-12.4375,7.140625,2.359375,Respeck,Climbing stairs,12,s1721256,,Respeck_s1721256_Climbing stairs_02-10-2021_17-29-22
1633192133293,-0.20874023,0.7272339,0.028259277,-20.421875,-82.0625,-19.75,Respeck,Climbing stairs,12,s1721256,,Respeck_s1721256_Climbing stairs_02-10-2021_17-29-22
1633192133339,-0.19946289,0.7223511,0.04827881,-7.125,-123.1875,-34.484375,Respeck,Climbing stairs,12,s1721256,,Respeck_s1721256_Climbing stairs_02-10-2021_17-29-22
1633192133369,-0.16723633,0.6454468,0.06585693,2.03125,-21.765625,-12.28125,Respeck,Climbing stairs,12,s1721256,,Respeck_s1721256_Climbing stairs_02-10-2021_17-29-22
1633192133414,-0.23120117,0.69818115,0.10394287,8.125,15.140625,-5.453125,Respeck,Climbing stairs,12,s1721256,,Respeck_s1721256_Climbing stairs_02-10-2021_17-29-22
1633192133459,-0.27319336,0.8825073,0.19891357,2.078125,-34.0625,-9.578125,Respeck,Climbing stairs,12,s1721256,,Respeck_s1721256_Climbing stairs_02-10-2021_17-29-22
1633192133488,-0.22460938,0.89349365,0.29241943,-16.640625,-51.015625,-13.0,Respeck,Climbing stairs,12,s1721256,,Respeck_s1721256_Climbing stairs_02-10-2021_17-29-22
1633192133534,-0.30200195,0.90301514,0.42279053,-28.875,55.890625,5.546875,Respeck,Climbing stairs,12,s1721256,,Respeck_s1721256_Climbing stairs_02-10-2021_17-29-22
1633192133579,-0.2368164,0.89715576,0.2609253,-6.5625,52.734375,14.140625,Respeck,Climbing stairs,12,s1721256,,Respeck_s1721256_Climbing stairs_02-10-2021_17-29-22
1633192133609,-0.18896484,0.9484253,0.32635498,-0.796875,4.421875,3.703125,Respeck,Climbing stairs,12,s1721256,,Respeck_s1721256_Climbing stairs_02-10-2021_17-29-22
1633192133653,-0.21240234,0.97332764,0.27142334,18.203125,-1.171875,3.28125,Respeck,Climbing stairs,12,s1721256,,Respeck_s1721256_Climbing stairs_02-10-2021_17-29-22
1633192133684,-0.28198242,1.1498413,0.26483154,10.203125,-12.5625,-1.9375,Respeck,Climbing stairs,12,s1721256,,Respeck_s1721256_Climbing stairs_02-10-2021_17-29-22
1633192133729,-0.32495117,1.2843628,0.27337646,-2.875,-15.21875,-0.421875,Respeck,Climbing stairs,12,s1721256,,Respeck_s1721256_Climbing stairs_02-10-2021_17-29-22
1633192133774,-0.3894043,1.4352417,0.25653076,7.25,-16.96875,1.65625,Respeck,Climbing stairs,12,s1721256,,Respeck_s1721256_Climbing stairs_02-10-2021_17-29-22
1633192133805,-0.44628906,1.5663452,0.2243042,1.78125,-20.1875,-2.75,Respeck,Climbing stairs,12,s1721256,,Respeck_s1721256_Climbing stairs_02-10-2021_17-29-22
1633192133848,-0.38452148,1.1464233,0.051452637,-0.6875,5.84375,3.65625,Respeck,Climbing stairs,12,s1721256,,Respeck_s1721256_Climbing stairs_02-10-2021_17-29-22
1633192133879,-0.40234375,0.9100952,-0.13458252,-26.40625,29.953125,11.171875,Respeck,Climbing stairs,12,s1721256,,Respeck_s1721256_Climbing stairs_02-10-2021_17-29-22
1633192133923,-0.41186523,0.85980225,-0.20318604,-12.546875,75.90625,23.890625,Respeck,Climbing stairs,12,s1721256,,Respeck_s1721256_Climbing stairs_02-10-2021_17-29-22
1633192133969,-0.3708496,0.920105,-0.13018799,0.734375,93.75,22.5625,Respeck,Climbing stairs,12,s1721256,,Respeck_s1721256_Climbing stairs_02-10-2021_17-29-22
1633192134000,-0.27319336,0.8668823,0.07122803,19.15625,103.171875,26.078125,Respeck,Climbing stairs,12,s1721256,,Respeck_s1721256_Climbing stairs_02-10-2021_17-29-22
1633192134042,-0.16674805,0.7157593,0.19891357,1.65625,115.5625,34.3125,Respeck,Climbing stairs,12,s1721256,,Respeck_s1721256_Climbing stairs_02-10-2021_17-29-22
1633192134073,-0.10864258,0.62615967,0.2399292,-46.65625,104.359375,24.1875,Respeck,Climbing stairs,12,s1721256,,Respeck_s1721256_Climbing stairs_02-10-2021_17-29-22
1633192134119,-0.19018555,0.5585327,0.21478271,-27.15625,48.65625,4.671875,Respeck,Climbing stairs,12,s1721256,,Respeck_s1721256_Climbing stairs_02-10-2021_17-29-22
1633192134164,-0.26293945,0.53704834,0.16497803,-13.546875,-1.453125,-2.90625,Respeck,Climbing stairs,12,s1721256,,Respeck_s1721256_Climbing stairs_02-10-2021_17-29-22
1633192134193,-0.2993164,0.7555542,0.18939209,-15.390625,-33.640625,-7.875,Respeck,Climbing stairs,12,s1721256,,Respeck_s1721256_Climbing stairs_02-10-2021_17-29-22
1633192134240,-0.30664062,0.8432007,0.22821045,10.9375,-25.578125,-4.90625,Respeck,Climbing stairs,12,s1721256,,Respeck_s1721256_Climbing stairs_02-10-2021_17-29-22
1633192134269,-0.37304688,0.8751831,0.30413818,-10.796875,-15.1875,-7.359375,Respeck,Climbing stairs,12,s1721256,,Respeck_s1721256_Climbing stairs_02-10-2021_17-29-22
1633192134329,-0.36254883,0.87908936,0.36834717,-15.53125,11.390625,4.0625,Respeck,Climbing stairs,12,s1721256,,Respeck_s1721256_Climbing stairs_02-10-2021_17-29-22
1633192134359,-0.31982422,0.8661499,0.39007568,-11.59375,20.015625,3.890625,Respeck,Climbing stairs,12,s1721256,,Respeck_s1721256_Climbing stairs_02-10-2021_17-29-22
1633192134389,-0.28393555,0.9828491,0.40716553,0.484375,-4.671875,-3.140625,Respeck,Climbing stairs,12,s1721256,,Respeck_s1721256_Climbing stairs_02-10-2021_17-29-22
1633192134433,-0.36254883,1.0167847,0.40203857,14.734375,-12.78125,-9.28125,Respeck,Climbing stairs,12,s1721256,,Respeck_s1721256_Climbing stairs_02-10-2021_17-29-22
1633192134464,-0.43530273,1.173523,0.40301514,12.953125,-5.21875,-18.5625,Respeck,Climbing stairs,12,s1721256,,Respeck_s1721256_Climbing stairs_02-10-2021_17-29-22
1633192134509,-0.5048828,1.2387085,0.30340576,24.671875,-4.421875,-8.265625,Respeck,Climbing stairs,12,s1721256,,Respeck_s1721256_Climbing stairs_02-10-2021_17-29-22
1633192134553,-0.42089844,1.3353882,0.29632568,31.046875,-16.6875,-2.03125,Respeck,Climbing stairs,12,s1721256,,Respeck_s1721256_Climbing stairs_02-10-2021_17-29-22
1633192134583,-0.31152344,1.2160034,0.24603271,19.421875,-11.75,4.421875,Respeck,Climbing stairs,12,s1721256,,Respeck_s1721256_Climbing stairs_02-10-2021_17-29-22
1633192134629,-0.20263672,0.9725952,0.22039795,5.328125,13.09375,6.125,Respeck,Climbing stairs,12,s1721256,,Respeck_s1721256_Climbing stairs_02-10-2021_17-29-22
1633192134664,-0.15161133,0.9706421,0.21209717,22.1875,54.171875,15.90625,Respeck,Climbing stairs,12,s1721256,,Respeck_s1721256_Climbing stairs_02-10-2021_17-29-22
1633192134704,-0.19018555,0.9894409,0.15179443,-6.90625,24.734375,3.234375,Respeck,Climbing stairs,12,s1721256,,Respeck_s1721256_Climbing stairs_02-10-2021_17-29-22
1633192134747,-0.22827148,0.8842163,0.105407715,18.078125,-68.625,-13.328125,Respeck,Climbing stairs,12,s1721256,,Respeck_s1721256_Climbing stairs_02-10-2021_17-29-22
1633192134778,-0.1538086,0.82073975,0.08856201,-15.890625,-102.1875,-30.65625,Respeck,Climbing stairs,12,s1721256,,Respeck_s1721256_Climbing stairs_02-10-2021_17-29-22
1633192134823,-0.25585938,0.7518921,0.09686279,-9.265625,-93.125,-33.828125,Respeck,Climbing stairs,12,s1721256,,Respeck_s1721256_Climbing stairs_02-10-2021_17-29-22
1633192134870,-0.28710938,0.6251831,0.004333496,-8.515625,-91.921875,-34.265625,Respeck,Climbing stairs,12,s1721256,,Respeck_s1721256_Climbing stairs_02-10-2021_17-29-22
1633192134900,-0.22998047,0.62713623,0.10882568,-9.375,-37.109375,-20.96875,Respeck,Climbing stairs,12,s1721256,,Respeck_s1721256_Climbing stairs_02-10-2021_17-29-22
1633192134943,-0.18481445,0.7526245,0.19110107,10.625,73.8125,13.75,Respeck,Climbing stairs,12,s1721256,,Respeck_s1721256_Climbing stairs_02-10-2021_17-29-22
1633192134976,-0.1640625,0.86102295,0.27215576,-48.46875,123.390625,28.03125,Respeck,Climbing stairs,12,s1721256,,Respeck_s1721256_Climbing stairs_02-10-2021_17-29-22
1633192135018,-0.15234375,0.98187256,0.29925537,-48.5,96.15625,26.375,Respeck,Climbing stairs,12,s1721256,,Respeck_s1721256_Climbing stairs_02-10-2021_17-29-22
1633192135048,-0.13208008,0.99334717,0.3060913,-5.578125,3.75,0.53125,Respeck,Climbing stairs,12,s1721256,,Respeck_s1721256_Climbing stairs_02-10-2021_17-29-22
1633192135096,-0.21459961,0.99627686,0.30023193,3.953125,-46.671875,-17.34375,Respeck,Climbing stairs,12,s1721256,,Respeck_s1721256_Climbing stairs_02-10-2021_17-29-22
1633192135140,-0.27368164,1.0175171,0.30560303,7.171875,-31.1875,-9.84375,Respeck,Climbing stairs,12,s1721256,,Respeck_s1721256_Climbing stairs_02-10-2021_17-29-22
1633192135169,-0.29833984,1.0656128,0.27581787,4.4375,-7.90625,2.09375,Respeck,Climbing stairs,12,s1721256,,Respeck_s1721256_Climbing stairs_02-10-2021_17-29-22
1633192135215,-0.3227539,1.2514038,0.27386475,0.4375,-9.765625,5.40625,Respeck,Climbing stairs,12,s1721256,,Respeck_s1721256_Climbing stairs_02-10-2021_17-29-22
1633192135246,-0.33154297,1.416687,0.2987671,-5.203125,-1.875,11.8125,Respeck,Climbing stairs,12,s1721256,,Respeck_s1721256_Climbing stairs_02-10-2021_17-29-22
1633192135289,-0.3215332,1.458435,0.26483154,8.0625,22.03125,22.828125,Respeck,Climbing stairs,12,s1721256,,Respeck_s1721256_Climbing stairs_02-10-2021_17-29-22
1633192135333,-0.32299805,1.1049194,0.09881592,-8.890625,4.671875,0.703125,Respeck,Climbing stairs,12,s1721256,,Respeck_s1721256_Climbing stairs_02-10-2021_17-29-22
1633192135364,-0.3857422,0.9352417,-0.117492676,0.15625,-29.609375,-7.875,Respeck,Climbing stairs,12,s1721256,,Respeck_s1721256_Climbing stairs_02-10-2021_17-29-22
1633192135441,-0.45166016,0.8903198,-0.2546997,-24.609375,40.0,6.65625,Respeck,Climbing stairs,12,s1721256,,Respeck_s1721256_Climbing stairs_02-10-2021_17-29-22
1633192135446,-0.4807129,0.9071655,-0.26104736,6.234375,121.1875,23.734375,Respeck,Climbing stairs,12,s1721256,,Respeck_s1721256_Climbing stairs_02-10-2021_17-29-22
1633192135530,-0.41748047,0.899353,-0.11383057,1.515625,88.546875,22.828125,Respeck,Climbing stairs,12,s1721256,,Respeck_s1721256_Climbing stairs_02-10-2021_17-29-22
1633192135536,-0.24023438,0.83221436,0.09954834,22.171875,93.0,39.515625,Respeck,Climbing stairs,12,s1721256,,Respeck_s1721256_Climbing stairs_02-10-2021_17-29-22
1633192135560,-0.1328125,0.7362671,0.20452881,2.46875,126.5,42.296875,Respeck,Climbing stairs,12,s1721256,,Respeck_s1721256_Climbing stairs_02-10-2021_17-29-22
1633192135634,-0.12133789,0.65130615,0.20428467,-39.96875,125.0625,38.046875,Respeck,Climbing stairs,12,s1721256,,Respeck_s1721256_Climbing stairs_02-10-2021_17-29-22
1633192135638,-0.099365234,0.6325073,0.23651123,-54.4375,43.421875,10.046875,Respeck,Climbing stairs,12,s1721256,,Respeck_s1721256_Climbing stairs_02-10-2021_17-29-22
1633192135711,-0.16503906,0.69085693,0.23822021,9.109375,-28.15625,-5.5625,Respeck,Climbing stairs,12,s1721256,,Respeck_s1721256_Climbing stairs_02-10-2021_17-29-22
1633192135724,-0.25634766,0.79901123,0.23773193,-5.125,-75.4375,-25.140625,Respeck,Climbing stairs,12,s1721256,,Respeck_s1721256_Climbing stairs_02-10-2021_17-29-22
1633192135755,-0.37426758,0.8668823,0.29534912,-7.5625,-98.34375,-31.421875,Respeck,Climbing stairs,12,s1721256,,Respeck_s1721256_Climbing stairs_02-10-2021_17-29-22
1633192135830,-0.41674805,0.8961792,0.28045654,13.71875,-62.5,-17.90625,Respeck,Climbing stairs,12,s1721256,,Respeck_s1721256_Climbing stairs_02-10-2021_17-29-22
1633192135836,-0.41601562,0.8410034,0.32781982,-16.21875,15.109375,-3.640625,Respeck,Climbing stairs,12,s1721256,,Respeck_s1721256_Climbing stairs_02-10-2021_17-29-22
1633192135872,-0.4033203,0.80633545,0.38983154,-18.875,78.25,10.421875,Respeck,Climbing stairs,12,s1721256,,Respeck_s1721256_Climbing stairs_02-10-2021_17-29-22
1633192135919,-0.33154297,0.9833374,0.43792725,-22.046875,90.421875,13.65625,Respeck,Climbing stairs,12,s1721256,,Respeck_s1721256_Climbing stairs_02-10-2021_17-29-22
1633192135950,-0.3515625,1.1349487,0.48529053,-0.84375,15.625,-10.171875,Respeck,Climbing stairs,12,s1721256,,Respeck_s1721256_Climbing stairs_02-10-2021_17-29-22
1633192135993,-0.45776367,1.2348022,0.48773193,20.96875,-13.28125,-15.453125,Respeck,Climbing stairs,12,s1721256,,Respeck_s1721256_Climbing stairs_02-10-2021_17-29-22
1633192136023,-0.40112305,1.2567749,0.3241577,21.109375,2.5625,-12.140625,Respeck,Climbing stairs,12,s1721256,,Respeck_s1721256_Climbing stairs_02-10-2021_17-29-22
1633192136068,-0.4189453,1.3429565,0.25775146,35.625,-18.140625,-7.5625,Respeck,Climbing stairs,12,s1721256,,Respeck_s1721256_Climbing stairs_02-10-2021_17-29-22
1633192136116,-0.3540039,1.2052612,0.17596436,39.265625,-34.546875,-6.359375,Respeck,Climbing stairs,12,s1721256,,Respeck_s1721256_Climbing stairs_02-10-2021_17-29-22
1633192136142,-0.31469727,0.95111084,0.10247803,12.171875,-26.71875,-6.75,Respeck,Climbing stairs,12,s1721256,,Respeck_s1721256_Climbing stairs_02-10-2021_17-29-22
1633192136189,-0.2084961,0.9242554,0.17132568,24.765625,30.90625,24.4375,Respeck,Climbing stairs,12,s1721256,,Respeck_s1721256_Climbing stairs_02-10-2021_17-29-22
1633192136234,-0.12011719,0.9215698,0.19207764,13.28125,91.125,37.09375,Respeck,Climbing stairs,12,s1721256,,Respeck_s1721256_Climbing stairs_02-10-2021_17-29-22
1633192136263,-0.08496094,0.84588623,0.11981201,-42.140625,77.5625,22.921875,Respeck,Climbing stairs,12,s1721256,,Respeck_s1721256_Climbing stairs_02-10-2021_17-29-22
1633192136309,-0.17822266,0.8265991,0.15692139,-9.0,-67.703125,-19.21875,Respeck,Climbing stairs,12,s1721256,,Respeck_s1721256_Climbing stairs_02-10-2021_17-29-22
1633192136340,-0.23339844,0.68792725,0.05682373,6.484375,-177.98438,-46.875,Respeck,Climbing stairs,12,s1721256,,Respeck_s1721256_Climbing stairs_02-10-2021_17-29-22
1633192136384,-0.2331543,0.75701904,0.089538574,-27.59375,-196.48438,-53.328125,Respeck,Climbing stairs,12,s1721256,,Respeck_s1721256_Climbing stairs_02-10-2021_17-29-22
1633192136460,-0.21704102,0.701355,0.12542725,16.203125,-49.765625,-23.03125,Respeck,Climbing stairs,12,s1721256,,Respeck_s1721256_Climbing stairs_02-10-2021_17-29-22
1633192136467,-0.23242188,0.8317261,0.19134521,1.78125,68.421875,7.1875,Respeck,Climbing stairs,12,s1721256,,Respeck_s1721256_Climbing stairs_02-10-2021_17-29-22
1633192136503,-0.21264648,0.87249756,0.27508545,-55.8125,101.484375,15.625,Respeck,Climbing stairs,12,s1721256,,Respeck_s1721256_Climbing stairs_02-10-2021_17-29-22
1633192136535,-0.1928711,0.8978882,0.2994995,-38.90625,74.328125,17.5625,Respeck,Climbing stairs,12,s1721256,,Respeck_s1721256_Climbing stairs_02-10-2021_17-29-22
1633192136579,-0.1809082,0.93573,0.2921753,-4.265625,8.40625,1.234375,Respeck,Climbing stairs,12,s1721256,,Respeck_s1721256_Climbing stairs_02-10-2021_17-29-22
1633192136654,-0.23461914,0.9335327,0.24481201,14.1875,-33.796875,-7.953125,Respeck,Climbing stairs,12,s1721256,,Respeck_s1721256_Climbing stairs_02-10-2021_17-29-22
1633192136658,-0.2434082,0.9828491,0.21234131,9.5,-35.640625,-6.515625,Respeck,Climbing stairs,12,s1721256,,Respeck_s1721256_Climbing stairs_02-10-2021_17-29-22
1633192136700,-0.27807617,1.0221558,0.17474365,4.828125,-21.34375,-4.0,Respeck,Climbing stairs,12,s1721256,,Respeck_s1721256_Climbing stairs_02-10-2021_17-29-22
1633192136729,-0.3100586,1.1495972,0.17913818,-7.21875,-4.25,-0.234375,Respeck,Climbing stairs,12,s1721256,,Respeck_s1721256_Climbing stairs_02-10-2021_17-29-22
1633192136775,-0.37402344,1.43573,0.22235107,-7.046875,17.5625,9.140625,Respeck,Climbing stairs,12,s1721256,,Respeck_s1721256_Climbing stairs_02-10-2021_17-29-22
1633192136849,-0.38842773,1.4213257,0.19207764,-6.734375,23.265625,13.203125,Respeck,Climbing stairs,12,s1721256,,Respeck_s1721256_Climbing stairs_02-10-2021_17-29-22
1633192136853,-0.34106445,1.178894,0.09197998,-1.453125,16.8125,9.21875,Respeck,Climbing stairs,12,s1721256,,Respeck_s1721256_Climbing stairs_02-10-2021_17-29-22
1633192136896,-0.35424805,0.98968506,-0.06329346,-13.03125,20.609375,5.1875,Respeck,Climbing stairs,12,s1721256,,Respeck_s1721256_Climbing stairs_02-10-2021_17-29-22
1633192136923,-0.42358398,1.0004272,-0.175354,-13.078125,51.015625,11.15625,Respeck,Climbing stairs,12,s1721256,,Respeck_s1721256_Climbing stairs_02-10-2021_17-29-22
1633192136985,-0.46142578,0.9406128,-0.22955322,-6.671875,69.28125,12.828125,Respeck,Climbing stairs,12,s1721256,,Respeck_s1721256_Climbing stairs_02-10-2021_17-29-22
1633192137015,-0.35083008,0.84173584,-0.026184082,4.0625,85.515625,21.109375,Respeck,Climbing stairs,12,s1721256,,Respeck_s1721256_Climbing stairs_02-10-2021_17-29-22
1633192137044,-0.18774414,0.77459717,0.15447998,17.640625,143.98438,51.4375,Respeck,Climbing stairs,12,s1721256,,Respeck_s1721256_Climbing stairs_02-10-2021_17-29-22
1633192137091,-0.13793945,0.7279663,0.18328857,-23.734375,186.53125,57.0625,Respeck,Climbing stairs,12,s1721256,,Respeck_s1721256_Climbing stairs_02-10-2021_17-29-22
1633192137120,-0.19750977,0.604187,0.13812256,-51.53125,151.32812,39.859375,Respeck,Climbing stairs,12,s1721256,,Respeck_s1721256_Climbing stairs_02-10-2021_17-29-22
1633192137167,-0.13867188,0.5968628,0.20672607,-29.8125,57.1875,17.328125,Respeck,Climbing stairs,12,s1721256,,Respeck_s1721256_Climbing stairs_02-10-2021_17-29-22
1633192137209,-0.21850586,0.7196655,0.18621826,4.5,-7.484375,-4.34375,Respeck,Climbing stairs,12,s1721256,,Respeck_s1721256_Climbing stairs_02-10-2021_17-29-22
1633192137240,-0.30200195,0.8085327,0.21453857,-3.21875,-84.015625,-22.34375,Respeck,Climbing stairs,12,s1721256,,Respeck_s1721256_Climbing stairs_02-10-2021_17-29-22
1633192137286,-0.31054688,0.9039917,0.22528076,17.109375,-138.6875,-30.1875,Respeck,Climbing stairs,12,s1721256,,Respeck_s1721256_Climbing stairs_02-10-2021_17-29-22
1633192137329,-0.41674805,0.8932495,0.36663818,-19.015625,-107.78125,-35.015625,Respeck,Climbing stairs,12,s1721256,,Respeck_s1721256_Climbing stairs_02-10-2021_17-29-22
1633192137359,-0.5246582,0.85858154,0.4154663,-7.5625,21.296875,-0.546875,Respeck,Climbing stairs,12,s1721256,,Respeck_s1721256_Climbing stairs_02-10-2021_17-29-22
1633192137405,-0.4189453,0.80877686,0.35272217,-17.578125,76.671875,16.421875,Respeck,Climbing stairs,12,s1721256,,Respeck_s1721256_Climbing stairs_02-10-2021_17-29-22
1633192137434,-0.3046875,0.90374756,0.3912964,-8.65625,49.34375,8.140625,Respeck,Climbing stairs,12,s1721256,,Respeck_s1721256_Climbing stairs_02-10-2021_17-29-22
1633192137480,-0.31713867,1.0014038,0.42108154,4.03125,13.296875,-7.5625,Respeck,Climbing stairs,12,s1721256,,Respeck_s1721256_Climbing stairs_02-10-2021_17-29-22
1633192137553,-0.49731445,1.1954956,0.4118042,7.25,-9.296875,-17.046875,Respeck,Climbing stairs,12,s1721256,,Respeck_s1721256_Climbing stairs_02-10-2021_17-29-22
1633192137555,-0.5126953,1.2797241,0.29437256,24.625,-22.34375,-24.53125,Respeck,Climbing stairs,12,s1721256,,Respeck_s1721256_Climbing stairs_02-10-2021_17-29-22
1633192137599,-0.5444336,1.3724976,0.29608154,33.796875,-36.9375,-20.78125,Respeck,Climbing stairs,12,s1721256,,Respeck_s1721256_Climbing stairs_02-10-2021_17-29-22
1633192137629,-0.42163086,1.2445679,0.3007202,43.359375,15.015625,-1.875,Respeck,Climbing stairs,12,s1721256,,Respeck_s1721256_Climbing stairs_02-10-2021_17-29-22
1633192137675,-0.30419922,0.9315796,0.22723389,38.5,37.90625,9.546875,Respeck,Climbing stairs,12,s1721256,,Respeck_s1721256_Climbing stairs_02-10-2021_17-29-22
1633192137704,-0.15917969,1.013855,0.25115967,20.140625,62.34375,36.546875,Respeck,Climbing stairs,12,s1721256,,Respeck_s1721256_Climbing stairs_02-10-2021_17-29-22
1633192137750,-0.11425781,0.9249878,0.051208496,2.921875,102.25,32.1875,Respeck,Climbing stairs,12,s1721256,,Respeck_s1721256_Climbing stairs_02-10-2021_17-29-22
1633192137795,-0.23657227,0.86883545,-0.06573486,-51.84375,40.328125,20.046875,Respeck,Climbing stairs,12,s1721256,,Respeck_s1721256_Climbing stairs_02-10-2021_17-29-22
1633192137823,-0.20922852,0.8366089,0.008239746,-12.046875,-44.46875,-5.59375,Respeck,Climbing stairs,12,s1721256,,Respeck_s1721256_Climbing stairs_02-10-2021_17-29-22
1633192137869,-0.1394043,0.74993896,0.1630249,45.9375,-44.84375,-9.71875,Respeck,Climbing stairs,12,s1721256,,Respeck_s1721256_Climbing stairs_02-10-2021_17-29-22
1633192137898,-0.2211914,0.69281006,0.199646,-17.53125,-92.109375,-39.8125,Respeck,Climbing stairs,12,s1721256,,Respeck_s1721256_Climbing stairs_02-10-2021_17-29-22
1633192137944,-0.27392578,0.74554443,0.21990967,-27.578125,-162.29688,-61.671875,Respeck,Climbing stairs,12,s1721256,,Respeck_s1721256_Climbing stairs_02-10-2021_17-29-22
1633192137988,-0.32983398,0.8175659,0.20941162,-4.125,-180.53125,-56.71875,Respeck,Climbing stairs,12,s1721256,,Respeck_s1721256_Climbing stairs_02-10-2021_17-29-22
1633192138019,-0.44506836,0.826355,0.54681396,-45.6875,61.75,-0.390625,Respeck,Climbing stairs,12,s1721256,,Respeck_s1721256_Climbing stairs_02-10-2021_17-29-22
1633192138064,-0.30444336,0.8925171,0.26239014,-43.59375,196.34375,55.859375,Respeck,Climbing stairs,12,s1721256,,Respeck_s1721256_Climbing stairs_02-10-2021_17-29-22
1633192138096,-0.14550781,1.015564,0.28289795,-48.1875,168.98438,53.953125,Respeck,Climbing stairs,12,s1721256,,Respeck_s1721256_Climbing stairs_02-10-2021_17-29-22
1633192138169,-0.07348633,0.99334717,0.26068115,2.609375,85.546875,22.21875,Respeck,Climbing stairs,12,s1721256,,Respeck_s1721256_Climbing stairs_02-10-2021_17-29-22
1633192138183,-0.19018555,0.98651123,0.23260498,-4.828125,-15.0625,-9.390625,Respeck,Climbing stairs,12,s1721256,,Respeck_s1721256_Climbing stairs_02-10-2021_17-29-22
1633192138215,-0.29345703,1.0123901,0.2531128,7.3125,-67.9375,-23.765625,Respeck,Climbing stairs,12,s1721256,,Respeck_s1721256_Climbing stairs_02-10-2021_17-29-22
1633192138258,-0.39672852,1.1034546,0.33636475,-4.359375,-17.4375,-14.796875,Respeck,Climbing stairs,12,s1721256,,Respeck_s1721256_Climbing stairs_02-10-2021_17-29-22
1633192138289,-0.3779297,1.2640991,0.26068115,11.09375,12.6875,6.921875,Respeck,Climbing stairs,12,s1721256,,Respeck_s1721256_Climbing stairs_02-10-2021_17-29-22
1633192138333,-0.31689453,1.2631226,0.20404053,20.265625,22.75,15.796875,Respeck,Climbing stairs,12,s1721256,,Respeck_s1721256_Climbing stairs_02-10-2021_17-29-22
1633192138381,-0.36132812,1.338562,0.13909912,14.328125,-2.359375,9.171875,Respeck,Climbing stairs,12,s1721256,,Respeck_s1721256_Climbing stairs_02-10-2021_17-29-22
1633192138408,-0.38891602,1.0748901,-0.0071411133,-1.234375,-76.96875,-8.953125,Respeck,Climbing stairs,12,s1721256,,Respeck_s1721256_Climbing stairs_02-10-2021_17-29-22
1633192138455,-0.37231445,0.89642334,-0.108947754,-1.375,-74.09375,-12.71875,Respeck,Climbing stairs,12,s1721256,,Respeck_s1721256_Climbing stairs_02-10-2021_17-29-22
1633192138484,-0.38476562,0.8864136,-0.14117432,-20.484375,49.671875,-1.109375,Respeck,Climbing stairs,12,s1721256,,Respeck_s1721256_Climbing stairs_02-10-2021_17-29-22
1633192138528,-0.3684082,0.99823,-0.018371582,26.984375,118.875,25.328125,Respeck,Climbing stairs,12,s1721256,,Respeck_s1721256_Climbing stairs_02-10-2021_17-29-22
1633192138573,-0.25512695,0.93426514,0.14764404,4.046875,95.265625,22.53125,Respeck,Climbing stairs,12,s1721256,,Respeck_s1721256_Climbing stairs_02-10-2021_17-29-22
1633192138605,-0.22753906,0.82806396,0.2267456,-27.5,60.140625,7.390625,Respeck,Climbing stairs,12,s1721256,,Respeck_s1721256_Climbing stairs_02-10-2021_17-29-22
1633192138648,-0.2355957,0.7428589,0.24041748,-4.46875,-5.09375,-4.390625,Respeck,Climbing stairs,12,s1721256,,Respeck_s1721256_Climbing stairs_02-10-2021_17-29-22
1633192138679,-0.27026367,0.7015991,0.25408936,12.796875,-34.796875,-5.90625,Respeck,Climbing stairs,12,s1721256,,Respeck_s1721256_Climbing stairs_02-10-2021_17-29-22
1633192138726,-0.2841797,0.72039795,0.2929077,-7.296875,14.984375,5.1875,Respeck,Climbing stairs,12,s1721256,,Respeck_s1721256_Climbing stairs_02-10-2021_17-29-22
1633192138770,-0.23730469,0.7321167,0.23236084,1.28125,44.71875,13.625,Respeck,Climbing stairs,12,s1721256,,Respeck_s1721256_Climbing stairs_02-10-2021_17-29-22
1633192138798,-0.2397461,0.7572632,0.22821045,-6.703125,23.65625,7.5625,Respeck,Climbing stairs,12,s1721256,,Respeck_s1721256_Climbing stairs_02-10-2021_17-29-22
1633192138844,-0.2709961,0.8253784,0.23919678,-7.734375,-9.765625,-4.96875,Respeck,Climbing stairs,12,s1721256,,Respeck_s1721256_Climbing stairs_02-10-2021_17-29-22
1633192138888,-0.36279297,0.8488159,0.27020264,-9.953125,-10.203125,-7.3125,Respeck,Climbing stairs,12,s1721256,,Respeck_s1721256_Climbing stairs_02-10-2021_17-29-22
1633192138919,-0.38598633,0.85028076,0.31976318,-12.75,25.953125,0.640625,Respeck,Climbing stairs,12,s1721256,,Respeck_s1721256_Climbing stairs_02-10-2021_17-29-22
1633192138963,-0.32495117,0.838562,0.33929443,-13.90625,57.53125,9.703125,Respeck,Climbing stairs,12,s1721256,,Respeck_s1721256_Climbing stairs_02-10-2021_17-29-22
1633192138993,-0.28808594,1.0372925,0.40179443,-5.109375,34.96875,1.140625,Respeck,Climbing stairs,12,s1721256,,Respeck_s1721256_Climbing stairs_02-10-2021_17-29-22
1633192139040,-0.3466797,1.0094604,0.36810303,7.40625,-5.625,-19.34375,Respeck,Climbing stairs,12,s1721256,,Respeck_s1721256_Climbing stairs_02-10-2021_17-29-22
1633192139085,-0.5227051,1.2125854,0.2909546,38.765625,-64.875,-19.6875,Respeck,Climbing stairs,12,s1721256,,Respeck_s1721256_Climbing stairs_02-10-2021_17-29-22
1633192139114,-0.36694336,1.2816772,0.32928467,24.015625,-1.296875,7.9375,Respeck,Climbing stairs,12,s1721256,,Respeck_s1721256_Climbing stairs_02-10-2021_17-29-22
1633192139172,-0.29467773,1.2177124,0.28631592,8.4375,63.109375,17.046875,Respeck,Climbing stairs,12,s1721256,,Respeck_s1721256_Climbing stairs_02-10-2021_17-29-22
1633192139189,-0.23779297,1.02948,0.22918701,0.09375,20.828125,6.015625,Respeck,Climbing stairs,12,s1721256,,Respeck_s1721256_Climbing stairs_02-10-2021_17-29-22
1633192139233,-0.20141602,1.045105,0.22210693,25.234375,0.203125,6.765625,Respeck,Climbing stairs,12,s1721256,,Respeck_s1721256_Climbing stairs_02-10-2021_17-29-22
1633192139310,-0.17651367,1.0153198,0.19525146,-3.40625,18.71875,7.65625,Respeck,Climbing stairs,12,s1721256,,Respeck_s1721256_Climbing stairs_02-10-2021_17-29-22
1633192139314,-0.23925781,0.9274292,0.14007568,-19.15625,27.515625,4.796875,Respeck,Climbing stairs,12,s1721256,,Respeck_s1721256_Climbing stairs_02-10-2021_17-29-22
1633192139353,-0.26293945,0.8253784,0.078308105,-21.796875,-14.6875,0.515625,Respeck,Climbing stairs,12,s1721256,,Respeck_s1721256_Climbing stairs_02-10-2021_17-29-22
1633192139384,-0.1496582,0.857605,0.18328857,-7.125,-20.53125,2.4375,Respeck,Climbing stairs,12,s1721256,,Respeck_s1721256_Climbing stairs_02-10-2021_17-29-22
1633192139458,-0.083740234,0.8016968,0.23260498,-11.90625,24.125,4.953125,Respeck,Climbing stairs,12,s1721256,,Respeck_s1721256_Climbing stairs_02-10-2021_17-29-22
1633192139477,-0.16577148,0.7501831,0.23919678,-48.0625,32.5625,-1.765625,Respeck,Climbing stairs,12,s1721256,,Respeck_s1721256_Climbing stairs_02-10-2021_17-29-22
1633192139503,-0.23046875,0.7640991,0.2514038,-17.890625,-22.4375,-11.640625,Respeck,Climbing stairs,12,s1721256,,Respeck_s1721256_Climbing stairs_02-10-2021_17-29-22
1633192139549,-0.2536621,0.74139404,0.22259521,-8.984375,-34.359375,-15.765625,Respeck,Climbing stairs,12,s1721256,,Respeck_s1721256_Climbing stairs_02-10-2021_17-29-22
1633192139578,-0.23657227,0.8253784,0.20697021,-6.328125,-7.484375,-4.953125,Respeck,Climbing stairs,12,s1721256,,Respeck_s1721256_Climbing stairs_02-10-2021_17-29-22
1633192139623,-0.24023438,0.9310913,0.16400146,0.21875,18.6875,3.328125,Respeck,Climbing stairs,12,s1721256,,Respeck_s1721256_Climbing stairs_02-10-2021_17-29-22
1633192139669,-0.20117188,0.98114014,0.23968506,-0.21875,41.0,11.65625,Respeck,Climbing stairs,12,s1721256,,Respeck_s1721256_Climbing stairs_02-10-2021_17-29-22
1633192139699,-0.2265625,0.9525757,0.19720459,-2.625,29.890625,6.84375,Respeck,Climbing stairs,12,s1721256,,Respeck_s1721256_Climbing stairs_02-10-2021_17-29-22
1633192139744,-0.22558594,0.9725952,0.21575928,0.921875,-5.796875,-1.875,Respeck,Climbing stairs,12,s1721256,,Respeck_s1721256_Climbing stairs_02-10-2021_17-29-22
1633192139773,-0.24365234,1.0170288,0.23016357,2.640625,-29.890625,-8.328125,Respeck,Climbing stairs,12,s1721256,,Respeck_s1721256_Climbing stairs_02-10-2021_17-29-22
1633192139818,-0.26757812,1.1083374,0.3143921,-13.671875,-19.59375,-6.6875,Respeck,Climbing stairs,12,s1721256,,Respeck_s1721256_Climbing stairs_02-10-2021_17-29-22
1633192139867,-0.32470703,1.2758179,0.31976318,-7.21875,23.015625,9.390625,Respeck,Climbing stairs,12,s1721256,,Respeck_s1721256_Climbing stairs_02-10-2021_17-29-22
1633192139893,-0.34887695,1.3866577,0.27142334,6.21875,8.046875,12.828125,Respeck,Climbing stairs,12,s1721256,,Respeck_s1721256_Climbing stairs_02-10-2021_17-29-22
1633192139939,-0.32348633,1.3290405,0.19158936,28.09375,-27.25,8.328125,Respeck,Climbing stairs,12,s1721256,,Respeck_s1721256_Climbing stairs_02-10-2021_17-29-22
1633192139969,-0.33325195,1.0101929,-0.011779785,-2.796875,-43.890625,-4.703125,Respeck,Climbing stairs,12,s1721256,,Respeck_s1721256_Climbing stairs_02-10-2021_17-29-22
1633192140051,-0.36669922,0.98968506,-0.120910645,-24.546875,-29.015625,-2.46875,Respeck,Climbing stairs,12,s1721256,,Respeck_s1721256_Climbing stairs_02-10-2021_17-29-22
1633192140061,-0.32958984,0.9725952,-0.10015869,-10.015625,67.546875,14.34375,Respeck,Climbing stairs,12,s1721256,,Respeck_s1721256_Climbing stairs_02-10-2021_17-29-22
1633192140088,-0.2607422,0.9852905,0.00018310547,3.25,128.35938,29.09375,Respeck,Climbing stairs,12,s1721256,,Respeck_s1721256_Climbing stairs_02-10-2021_17-29-22
1633192140164,-0.15112305,0.885437,0.1749878,11.28125,153.34375,37.65625,Respeck,Climbing stairs,12,s1721256,,Respeck_s1721256_Climbing stairs_02-10-2021_17-29-22
1633192140167,-0.12548828,0.74676514,0.17596436,-46.25,118.765625,29.6875,Respeck,Climbing stairs,12,s1721256,,Respeck_s1721256_Climbing stairs_02-10-2021_17-29-22
1633192140241,-0.18261719,0.7501831,0.23797607,-41.53125,-31.296875,-16.734375,Respeck,Climbing stairs,12,s1721256,,Respeck_s1721256_Climbing stairs_02-10-2021_17-29-22
1633192140257,-0.27905273,0.65496826,0.20599365,48.8125,-143.8125,-44.140625,Respeck,Climbing stairs,12,s1721256,,Respeck_s1721256_Climbing stairs_02-10-2021_17-29-22
1633192140285,-0.3762207,0.6408081,0.25775146,-12.546875,-105.125,-29.625,Respeck,Climbing stairs,12,s1721256,,Respeck_s1721256_Climbing stairs_02-10-2021_17-29-22
1633192140328,-0.38061523,0.7758179,0.17669678,16.78125,27.140625,14.28125,Respeck,Climbing stairs,12,s1721256,,Respeck_s1721256_Climbing stairs_02-10-2021_17-29-22
1633192140358,-0.2783203,0.8180542,0.2033081,8.25,78.5,34.734375,Respeck,Climbing stairs,12,s1721256,,Respeck_s1721256_Climbing stairs_02-10-2021_17-29-22
1633192140434,-0.20947266,0.9135132,0.24798584,-1.453125,88.1875,34.65625,Respeck,Climbing stairs,12,s1721256,,Respeck_s1721256_Climbing stairs_02-10-2021_17-29-22
1633192140448,-0.19506836,0.84710693,0.25726318,-19.78125,53.59375,14.578125,Respeck,Climbing stairs,12,s1721256,,Respeck_s1721256_Climbing stairs_02-10-2021_17-29-22
1633192140480,-0.23632812,0.90008545,0.29315186,-1.171875,-36.015625,-12.84375,Respeck,Climbing stairs,12,s1721256,,Respeck_s1721256_Climbing stairs_02-10-2021_17-29-22
1633192140523,-0.36669922,0.9105835,0.4550171,-5.75,-25.171875,-16.34375,Respeck,Climbing stairs,12,s1721256,,Respeck_s1721256_Climbing stairs_02-10-2021_17-29-22
1633192140556,-0.4189453,0.9972534,0.4159546,4.515625,9.96875,-10.25,Respeck,Climbing stairs,12,s1721256,,Respeck_s1721256_Climbing stairs_02-10-2021_17-29-22
1633192140600,-0.4350586,1.2592163,0.3932495,11.96875,10.328125,-5.234375,Respeck,Climbing stairs,12,s1721256,,Respeck_s1721256_Climbing stairs_02-10-2021_17-29-22
1633192140648,-0.43115234,1.262146,0.23797607,46.140625,-6.453125,-1.6875,Respeck,Climbing stairs,12,s1721256,,Respeck_s1721256_Climbing stairs_02-10-2021_17-29-22
1633192140674,-0.43896484,1.4276733,0.24700928,6.9375,-18.0625,-2.4375,Respeck,Climbing stairs,12,s1721256,,Respeck_s1721256_Climbing stairs_02-10-2021_17-29-22
1633192140735,-0.36889648,1.0995483,0.15228271,10.640625,-8.734375,-2.296875,Respeck,Climbing stairs,12,s1721256,,Respeck_s1721256_Climbing stairs_02-10-2021_17-29-22
1633192140749,-0.25854492,0.8656616,0.14544678,9.921875,-3.203125,6.125,Respeck,Climbing stairs,12,s1721256,,Respeck_s1721256_Climbing stairs_02-10-2021_17-29-22
1633192140793,-0.19433594,0.8414917,0.20452881,18.28125,29.578125,18.90625,Respeck,Climbing stairs,12,s1721256,,Respeck_s1721256_Climbing stairs_02-10-2021_17-29-22
1633192140840,-0.1730957,0.8607788,0.20721436,-13.765625,19.015625,14.984375,Respeck,Climbing stairs,12,s1721256,,Respeck_s1721256_Climbing stairs_02-10-2021_17-29-22
1633192140870,-0.15185547,0.8095093,0.22406006,-15.625,10.296875,4.890625,Respeck,Climbing stairs,12,s1721256,,Respeck_s1721256_Climbing stairs_02-10-2021_17-29-22
1633192140914,-0.10839844,0.78118896,0.22406006,-20.1875,2.53125,1.40625,Respeck,Climbing stairs,12,s1721256,,Respeck_s1721256_Climbing stairs_02-10-2021_17-29-22
1633192140943,-0.16381836,0.75335693,0.23114014,-22.75,0.3125,-5.140625,Respeck,Climbing stairs,12,s1721256,,Respeck_s1721256_Climbing stairs_02-10-2021_17-29-22
1633192140988,-0.21557617,0.7682495,0.24163818,-27.6875,-4.59375,-6.953125,Respeck,Climbing stairs,12,s1721256,,Respeck_s1721256_Climbing stairs_02-10-2021_17-29-22
1633192141034,-0.23461914,0.8239136,0.30584717,-21.65625,21.59375,0.015625,Respeck,Climbing stairs,12,s1721256,,Respeck_s1721256_Climbing stairs_02-10-2021_17-29-22
1633192141063,-0.26757812,0.8505249,0.29632568,-13.359375,-9.625,-8.34375,Respeck,Climbing stairs,12,s1721256,,Respeck_s1721256_Climbing stairs_02-10-2021_17-29-22
1633192141107,-0.24023438,0.8668823,0.2518921,1.5625,-10.28125,-4.5625,Respeck,Climbing stairs,12,s1721256,,Respeck_s1721256_Climbing stairs_02-10-2021_17-29-22
1633192141140,-0.24609375,0.8685913,0.19940186,3.65625,-8.5,-2.953125,Respeck,Climbing stairs,12,s1721256,,Respeck_s1721256_Climbing stairs_02-10-2021_17-29-22
1633192141183,-0.23706055,0.868103,0.19085693,-5.890625,-11.078125,-4.65625,Respeck,Climbing stairs,12,s1721256,,Respeck_s1721256_Climbing stairs_02-10-2021_17-29-22
1633192141231,-0.28295898,0.9389038,0.21136475,-11.9375,-0.25,-6.0625,Respeck,Climbing stairs,12,s1721256,,Respeck_s1721256_Climbing stairs_02-10-2021_17-29-22
1633192141260,-0.3330078,0.9762573,0.2694702,-7.0625,26.703125,0.109375,Respeck,Climbing stairs,12,s1721256,,Respeck_s1721256_Climbing stairs_02-10-2021_17-29-22
1633192141303,-0.28320312,1.0333862,0.30975342,-15.609375,53.09375,13.0625,Respeck,Climbing stairs,12,s1721256,,Respeck_s1721256_Climbing stairs_02-10-2021_17-29-22
1633192141333,-0.25463867,1.1046753,0.28631592,2.1875,36.25,9.625,Respeck,Climbing stairs,12,s1721256,,Respeck_s1721256_Climbing stairs_02-10-2021_17-29-22
1633192141377,-0.33007812,1.291687,0.28607178,10.53125,4.765625,2.328125,Respeck,Climbing stairs,12,s1721256,,Respeck_s1721256_Climbing stairs_02-10-2021_17-29-22
1633192141423,-0.3618164,1.2960815,0.23236084,6.3125,1.859375,3.90625,Respeck,Climbing stairs,12,s1721256,,Respeck_s1721256_Climbing stairs_02-10-2021_17-29-22
1633192141455,-0.3786621,1.2914429,0.18988037,14.203125,-12.4375,5.34375,Respeck,Climbing stairs,12,s1721256,,Respeck_s1721256_Climbing stairs_02-10-2021_17-29-22
1633192141498,-0.38183594,1.1884155,0.09954834,6.984375,-15.703125,3.796875,Respeck,Climbing stairs,12,s1721256,,Respeck_s1721256_Climbing stairs_02-10-2021_17-29-22
1633192141543,-0.31201172,0.86883545,0.007507324,-8.171875,-6.375,-0.796875,Respeck,Climbing stairs,12,s1721256,,Respeck_s1721256_Climbing stairs_02-10-2021_17-29-22
1633192141575,-0.33911133,0.7440796,-0.022766113,11.65625,3.890625,4.171875,Respeck,Climbing stairs,12,s1721256,,Respeck_s1721256_Climbing stairs_02-10-2021_17-29-22
1633192141619,-0.3491211,1.0123901,0.097595215,27.5625,26.90625,7.328125,Respeck,Climbing stairs,12,s1721256,,Respeck_s1721256_Climbing stairs_02-10-2021_17-29-22
1633192141648,-0.28857422,0.9957886,0.23187256,-14.9375,74.359375,17.390625,Respeck,Climbing stairs,12,s1721256,,Respeck_s1721256_Climbing stairs_02-10-2021_17-29-22
1633192141695,-0.30737305,0.90740967,0.27386475,-28.046875,82.0,16.28125,Respeck,Climbing stairs,12,s1721256,,Respeck_s1721256_Climbing stairs_02-10-2021_17-29-22
1633192141738,-0.20898438,0.79974365,0.29974365,-17.21875,76.265625,17.890625,Respeck,Climbing stairs,12,s1721256,,Respeck_s1721256_Climbing stairs_02-10-2021_17-29-22
1633192141768,-0.20532227,0.69866943,0.2255249,-31.3125,33.640625,6.671875,Respeck,Climbing stairs,12,s1721256,,Respeck_s1721256_Climbing stairs_02-10-2021_17-29-22
1633192141816,-0.23510742,0.6312866,0.17449951,-16.0,-12.28125,-1.875,Respeck,Climbing stairs,12,s1721256,,Respeck_s1721256_Climbing stairs_02-10-2021_17-29-22
1633192141846,-0.23388672,0.7055054,0.18939209,-5.4375,-28.515625,-3.734375,Respeck,Climbing stairs,12,s1721256,,Respeck_s1721256_Climbing stairs_02-10-2021_17-29-22
1633192141889,-0.3034668,0.80267334,0.2164917,-9.421875,-25.40625,-11.625,Respeck,Climbing stairs,12,s1721256,,Respeck_s1721256_Climbing stairs_02-10-2021_17-29-22
1633192141967,-0.3869629,0.82196045,0.26654053,-12.703125,-0.828125,-5.578125,Respeck,Climbing stairs,12,s1721256,,Respeck_s1721256_Climbing stairs_02-10-2021_17-29-22
1633192141971,-0.30664062,0.84295654,0.26141357,-2.078125,29.796875,12.375,Respeck,Climbing stairs,12,s1721256,,Respeck_s1721256_Climbing stairs_02-10-2021_17-29-22
1633192142008,-0.2446289,0.9118042,0.23358154,-0.953125,10.78125,6.53125,Respeck,Climbing stairs,12,s1721256,,Respeck_s1721256_Climbing stairs_02-10-2021_17-29-22
1633192142039,-0.25341797,0.9435425,0.23553467,3.890625,-13.46875,-2.921875,Respeck,Climbing stairs,12,s1721256,,Respeck_s1721256_Climbing stairs_02-10-2021_17-29-22
1633192142087,-0.34155273,1.0150757,0.31488037,-7.625,-9.765625,-10.09375,Respeck,Climbing stairs,12,s1721256,,Respeck_s1721256_Climbing stairs_02-10-2021_17-29-22
1633192142129,-0.3383789,1.1051636,0.39642334,-13.609375,15.140625,-7.53125,Respeck,Climbing stairs,12,s1721256,,Respeck_s1721256_Climbing stairs_02-10-2021_17-29-22
1633192142159,-0.41748047,1.1549683,0.2501831,22.5625,-24.796875,-13.984375,Respeck,Climbing stairs,12,s1721256,,Respeck_s1721256_Climbing stairs_02-10-2021_17-29-22
1633192142202,-0.45898438,1.2069702,0.17034912,46.25,-95.265625,-14.78125,Respeck,Climbing stairs,12,s1721256,,Respeck_s1721256_Climbing stairs_02-10-2021_17-29-22
1633192142233,-0.27856445,1.2374878,0.30999756,23.171875,34.578125,14.09375,Respeck,Climbing stairs,12,s1721256,,Respeck_s1721256_Climbing stairs_02-10-2021_17-29-22
1633192142281,-0.25976562,0.9411011,0.15594482,0.625,87.015625,18.515625,Respeck,Climbing stairs,12,s1721256,,Respeck_s1721256_Climbing stairs_02-10-2021_17-29-22
1633192142322,-0.2709961,0.9423218,0.12298584,8.296875,30.4375,12.21875,Respeck,Climbing stairs,12,s1721256,,Respeck_s1721256_Climbing stairs_02-10-2021_17-29-22
1633192142354,-0.1730957,1.007019,0.14935303,25.4375,-4.71875,4.984375,Respeck,Climbing stairs,12,s1721256,,Respeck_s1721256_Climbing stairs_02-10-2021_17-29-22
1633192142398,-0.17749023,0.97821045,0.14129639,16.46875,-22.328125,-5.609375,Respeck,Climbing stairs,12,s1721256,,Respeck_s1721256_Climbing stairs_02-10-2021_17-29-22
1633192142429,-0.21679688,0.8981323,0.14398193,23.21875,-71.703125,-20.3125,Respeck,Climbing stairs,12,s1721256,,Respeck_s1721256_Climbing stairs_02-10-2021_17-29-22
1633192142474,-0.25048828,0.8930054,0.1239624,3.265625,-102.359375,-30.28125,Respeck,Climbing stairs,12,s1721256,,Respeck_s1721256_Climbing stairs_02-10-2021_17-29-22
1633192142520,-0.2512207,0.8097534,0.11029053,1.015625,-106.984375,-32.625,Respeck,Climbing stairs,12,s1721256,,Respeck_s1721256_Climbing stairs_02-10-2021_17-29-22
1633192142548,-0.22460938,0.77630615,0.13348389,-16.40625,-65.203125,-29.375,Respeck,Climbing stairs,12,s1721256,,Respeck_s1721256_Climbing stairs_02-10-2021_17-29-22
1633192142593,-0.22192383,0.7609253,0.17010498,0.625,27.640625,-1.9375,Respeck,Climbing stairs,12,s1721256,,Respeck_s1721256_Climbing stairs_02-10-2021_17-29-22
1633192142624,-0.2241211,0.82733154,0.22088623,-29.53125,71.453125,10.328125,Respeck,Climbing stairs,12,s1721256,,Respeck_s1721256_Climbing stairs_02-10-2021_17-29-22
1633192142669,-0.21411133,0.83270264,0.25506592,-39.890625,66.65625,11.65625,Respeck,Climbing stairs,12,s1721256,,Respeck_s1721256_Climbing stairs_02-10-2021_17-29-22
1633192142713,-0.21191406,0.901062,0.2748413,-30.1875,26.921875,2.8125,Respeck,Climbing stairs,12,s1721256,,Respeck_s1721256_Climbing stairs_02-10-2021_17-29-22
1633192142743,-0.18383789,0.91522217,0.27069092,-0.875,6.0,-1.640625,Respeck,Climbing stairs,12,s1721256,,Respeck_s1721256_Climbing stairs_02-10-2021_17-29-22
1633192142789,-0.20825195,0.979187,0.21722412,6.84375,14.625,2.140625,Respeck,Climbing stairs,12,s1721256,,Respeck_s1721256_Climbing stairs_02-10-2021_17-29-22
1633192142819,-0.25097656,1.0211792,0.21697998,-10.796875,3.640625,1.421875,Respeck,Climbing stairs,12,s1721256,,Respeck_s1721256_Climbing stairs_02-10-2021_17-29-22
1633192142864,-0.26611328,1.0841675,0.25408936,-2.46875,-21.78125,-2.484375,Respeck,Climbing stairs,12,s1721256,,Respeck_s1721256_Climbing stairs_02-10-2021_17-29-22
1633192142910,-0.30810547,1.1898804,0.27581787,-9.828125,-45.65625,-10.359375,Respeck,Climbing stairs,12,s1721256,,Respeck_s1721256_Climbing stairs_02-10-2021_17-29-22
1633192142939,-0.33666992,1.3046265,0.3156128,-3.140625,-12.265625,0.046875,Respeck,Climbing stairs,12,s1721256,,Respeck_s1721256_Climbing stairs_02-10-2021_17-29-22
1633192142985,-0.33422852,1.3771362,0.2748413,6.296875,26.3125,18.65625,Respeck,Climbing stairs,12,s1721256,,Respeck_s1721256_Climbing stairs_02-10-2021_17-29-22
1633192143014,-0.27441406,1.1725464,0.168396,9.46875,40.515625,23.359375,Respeck,Climbing stairs,12,s1721256,,Respeck_s1721256_Climbing stairs_02-10-2021_17-29-22
1633192143060,-0.3100586,1.0280151,-0.0064086914,3.046875,11.078125,12.140625,Respeck,Climbing stairs,12,s1721256,,Respeck_s1721256_Climbing stairs_02-10-2021_17-29-22
1633192143103,-0.33203125,1.0355835,-0.12335205,-0.875,-16.21875,3.828125,Respeck,Climbing stairs,12,s1721256,,Respeck_s1721256_Climbing stairs_02-10-2021_17-29-22
1633192143133,-0.3310547,0.9335327,-0.1375122,8.484375,7.921875,5.171875,Respeck,Climbing stairs,12,s1721256,,Respeck_s1721256_Climbing stairs_02-10-2021_17-29-22
1633192143180,-0.30419922,0.90179443,-0.046691895,29.3125,9.734375,6.171875,Respeck,Climbing stairs,12,s1721256,,Respeck_s1721256_Climbing stairs_02-10-2021_17-29-22
1633192143208,-0.27270508,0.8036499,0.039978027,29.59375,-6.90625,6.3125,Respeck,Climbing stairs,12,s1721256,,Respeck_s1721256_Climbing stairs_02-10-2021_17-29-22
1633192143285,-0.234375,0.7506714,0.11102295,16.46875,1.203125,5.71875,Respeck,Climbing stairs,12,s1721256,,Respeck_s1721256_Climbing stairs_02-10-2021_17-29-22
1633192143300,-0.1887207,0.69403076,0.18060303,2.53125,33.78125,10.140625,Respeck,Climbing stairs,12,s1721256,,Respeck_s1721256_Climbing stairs_02-10-2021_17-29-22
1633192143329,-0.23779297,0.7247925,0.19671631,-10.1875,44.0,7.546875,Respeck,Climbing stairs,12,s1721256,,Respeck_s1721256_Climbing stairs_02-10-2021_17-29-22
1633192143375,-0.27319336,0.7753296,0.22698975,-10.34375,20.96875,1.4375,Respeck,Climbing stairs,12,s1721256,,Respeck_s1721256_Climbing stairs_02-10-2021_17-29-22
1633192143406,-0.2770996,0.822937,0.26385498,-1.171875,5.265625,-3.484375,Respeck,Climbing stairs,12,s1721256,,Respeck_s1721256_Climbing stairs_02-10-2021_17-29-22
1633192143447,-0.3334961,0.8632202,0.3361206,-17.875,30.6875,-1.984375,Respeck,Climbing stairs,12,s1721256,,Respeck_s1721256_Climbing stairs_02-10-2021_17-29-22
1633192143494,-0.35717773,0.76678467,0.28875732,-27.078125,31.625,-1.109375,Respeck,Climbing stairs,12,s1721256,,Respeck_s1721256_Climbing stairs_02-10-2021_17-29-22
1633192143526,-0.3190918,0.81585693,0.3685913,-19.3125,12.890625,5.65625,Respeck,Climbing stairs,12,s1721256,,Respeck_s1721256_Climbing stairs_02-10-2021_17-29-22
1633192143568,-0.25610352,0.81292725,0.3859253,-6.046875,20.71875,5.375,Respeck,Climbing stairs,12,s1721256,,Respeck_s1721256_Climbing stairs_02-10-2021_17-29-22
1633192143598,-0.27807617,0.86834717,0.35198975,-1.203125,-0.5,-1.40625,Respeck,Climbing stairs,12,s1721256,,Respeck_s1721256_Climbing stairs_02-10-2021_17-29-22
1633192143642,-0.29492188,0.92523193,0.33563232,6.0625,-3.984375,-2.359375,Respeck,Climbing stairs,12,s1721256,,Respeck_s1721256_Climbing stairs_02-10-2021_17-29-22
1633192143690,-0.34399414,0.98895264,0.35638428,5.5,2.796875,-5.515625,Respeck,Climbing stairs,12,s1721256,,Respeck_s1721256_Climbing stairs_02-10-2021_17-29-22
1633192143720,-0.38232422,1.296814,0.4257202,-8.796875,20.421875,-3.1875,Respeck,Climbing stairs,12,s1721256,,Respeck_s1721256_Climbing stairs_02-10-2021_17-29-22
1633192143763,-0.45947266,1.2433472,0.26605225,27.78125,-30.15625,-11.6875,Respeck,Climbing stairs,12,s1721256,,Respeck_s1721256_Climbing stairs_02-10-2021_17-29-22
1633192143792,-0.45385742,1.3549194,0.29388428,28.4375,-57.578125,-14.3125,Respeck,Climbing stairs,12,s1721256,,Respeck_s1721256_Climbing stairs_02-10-2021_17-29-22
1633192143840,-0.41308594,1.1913452,0.24798584,25.84375,-25.9375,-6.375,Respeck,Climbing stairs,12,s1721256,,Respeck_s1721256_Climbing stairs_02-10-2021_17-29-22
1633192143883,-0.30151367,0.9545288,0.22698975,16.015625,20.96875,14.78125,Respeck,Climbing stairs,12,s1721256,,Respeck_s1721256_Climbing stairs_02-10-2021_17-29-22
1633192143929,-0.21728516,0.91278076,0.21356201,-5.5625,40.734375,33.1875,Respeck,Climbing stairs,12,s1721256,,Respeck_s1721256_Climbing stairs_02-10-2021_17-29-22
1633192143959,-0.010253906,1.0131226,0.26776123,-19.03125,67.953125,38.703125,Respeck,Climbing stairs,12,s1721256,,Respeck_s1721256_Climbing stairs_02-10-2021_17-29-22
1633192143989,-0.072265625,0.9476929,0.15985107,-10.796875,82.4375,14.453125,Respeck,Climbing stairs,12,s1721256,,Respeck_s1721256_Climbing stairs_02-10-2021_17-29-22
1633192144033,-0.18554688,0.84173584,0.12860107,-7.265625,-17.5625,-6.359375,Respeck,Climbing stairs,12,s1721256,,Respeck_s1721256_Climbing stairs_02-10-2021_17-29-22
1633192144081,-0.24926758,0.7296753,0.105407715,11.9375,-124.421875,-28.09375,Respeck,Climbing stairs,12,s1721256,,Respeck_s1721256_Climbing stairs_02-10-2021_17-29-22
1633192144108,-0.26293945,0.70892334,0.11126709,-14.84375,-181.0625,-45.65625,Respeck,Climbing stairs,12,s1721256,,Respeck_s1721256_Climbing stairs_02-10-2021_17-29-22
1633192144155,-0.23754883,0.6378784,0.3222046,4.5,-85.0,-25.65625,Respeck,Climbing stairs,12,s1721256,,Respeck_s1721256_Climbing stairs_02-10-2021_17-29-22
1633192144199,-0.35180664,0.70428467,0.15985107,-11.546875,47.234375,0.0625,Respeck,Climbing stairs,12,s1721256,,Respeck_s1721256_Climbing stairs_02-10-2021_17-29-22
1633192144229,-0.26342773,0.8283081,0.20379639,-7.59375,42.359375,9.15625,Respeck,Climbing stairs,12,s1721256,,Respeck_s1721256_Climbing stairs_02-10-2021_17-29-22
1633192144274,-0.20019531,0.8969116,0.27825928,-9.671875,72.84375,18.40625,Respeck,Climbing stairs,12,s1721256,,Respeck_s1721256_Climbing stairs_02-10-2021_17-29-22
1633192144305,-0.20239258,0.90301514,0.23675537,-21.796875,50.09375,9.96875,Respeck,Climbing stairs,12,s1721256,,Respeck_s1721256_Climbing stairs_02-10-2021_17-29-22
1633192144348,-0.2409668,0.92767334,0.2772827,-3.234375,-30.671875,-11.3125,Respeck,Climbing stairs,12,s1721256,,Respeck_s1721256_Climbing stairs_02-10-2021_17-29-22
1633192144393,-0.2902832,0.93255615,0.30218506,-1.421875,-30.984375,-11.25,Respeck,Climbing stairs,12,s1721256,,Respeck_s1721256_Climbing stairs_02-10-2021_17-29-22
1633192144424,-0.32495117,0.9923706,0.23626709,2.375,-2.734375,-3.953125,Respeck,Climbing stairs,12,s1721256,,Respeck_s1721256_Climbing stairs_02-10-2021_17-29-22
1633192144484,-0.33764648,1.0480347,0.28460693,-10.015625,7.78125,0.484375,Respeck,Climbing stairs,12,s1721256,,Respeck_s1721256_Climbing stairs_02-10-2021_17-29-22
1633192144500,-0.3408203,1.13031,0.3241577,-18.53125,29.4375,8.3125,Respeck,Climbing stairs,12,s1721256,,Respeck_s1721256_Climbing stairs_02-10-2021_17-29-22
1633192144574,-0.3322754,1.3312378,0.34173584,-7.953125,60.671875,19.28125,Respeck,Climbing stairs,12,s1721256,,Respeck_s1721256_Climbing stairs_02-10-2021_17-29-22
1633192144604,-0.38989258,1.4782104,0.26727295,21.21875,40.375,14.125,Respeck,Climbing stairs,12,s1721256,,Respeck_s1721256_Climbing stairs_02-10-2021_17-29-22
1633192144618,-0.37231445,1.184021,0.10443115,21.71875,-22.984375,2.671875,Respeck,Climbing stairs,12,s1721256,,Respeck_s1721256_Climbing stairs_02-10-2021_17-29-22
1633192144664,-0.41186523,0.9801636,-0.08135986,-1.328125,-79.625,-10.71875,Respeck,Climbing stairs,12,s1721256,,Respeck_s1721256_Climbing stairs_02-10-2021_17-29-22
1633192144694,-0.39575195,0.8822632,-0.13238525,-0.0625,-34.03125,-2.28125,Respeck,Climbing stairs,12,s1721256,,Respeck_s1721256_Climbing stairs_02-10-2021_17-29-22
1633192144769,-0.36767578,0.8668823,-0.06036377,25.078125,34.328125,12.328125,Respeck,Climbing stairs,12,s1721256,,Respeck_s1721256_Climbing stairs_02-10-2021_17-29-22
1633192144783,-0.35668945,0.8012085,0.010681152,0.4375,22.90625,5.140625,Respeck,Climbing stairs,12,s1721256,,Respeck_s1721256_Climbing stairs_02-10-2021_17-29-22
1633192144816,-0.3076172,0.71429443,0.08905029,-5.78125,29.8125,6.203125,Respeck,Climbing stairs,12,s1721256,,Respeck_s1721256_Climbing stairs_02-10-2021_17-29-22
1633192144889,-0.22924805,0.6317749,0.15789795,-3.84375,81.15625,19.0625,Respeck,Climbing stairs,12,s1721256,,Respeck_s1721256_Climbing stairs_02-10-2021_17-29-22
1633192144895,-0.22705078,0.69989014,0.21356201,4.796875,105.953125,20.859375,Respeck,Climbing stairs,12,s1721256,,Respeck_s1721256_Climbing stairs_02-10-2021_17-29-22
1633192144963,-0.28076172,0.74212646,0.22650146,-34.3125,92.3125,16.015625,Respeck,Climbing stairs,12,s1721256,,Respeck_s1721256_Climbing stairs_02-10-2021_17-29-22
1633192144980,-0.2878418,0.79974365,0.29437256,-25.59375,76.828125,13.234375,Respeck,Climbing stairs,12,s1721256,,Respeck_s1721256_Climbing stairs_02-10-2021_17-29-22
1633192145010,-0.30273438,0.83392334,0.26898193,-19.28125,54.71875,8.9375,Respeck,Climbing stairs,12,s1721256,,Respeck_s1721256_Climbing stairs_02-10-2021_17-29-22
1633192145086,-0.30371094,0.86224365,0.33294678,-19.5,6.90625,0.21875,Respeck,Climbing stairs,12,s1721256,,Respeck_s1721256_Climbing stairs_02-10-2021_17-29-22
1633192145092,-0.29467773,0.83343506,0.35638428,-11.203125,13.75,1.359375,Respeck,Climbing stairs,12,s1721256,,Respeck_s1721256_Climbing stairs_02-10-2021_17-29-22
1633192145160,-0.2915039,0.8197632,0.371521,-15.1875,21.78125,1.328125,Respeck,Climbing stairs,12,s1721256,,Respeck_s1721256_Climbing stairs_02-10-2021_17-29-22
1633192145176,-0.30737305,0.821228,0.38861084,-8.75,15.28125,-0.359375,Respeck,Climbing stairs,12,s1721256,,Respeck_s1721256_Climbing stairs_02-10-2021_17-29-22
1633192145204,-0.32226562,0.8070679,0.3883667,-0.09375,-4.296875,-4.40625,Respeck,Climbing stairs,12,s1721256,,Respeck_s1721256_Climbing stairs_02-10-2021_17-29-22
1633192145248,-0.33740234,0.8234253,0.33807373,4.015625,-17.609375,-7.140625,Respeck,Climbing stairs,12,s1721256,,Respeck_s1721256_Climbing stairs_02-10-2021_17-29-22
1633192145280,-0.33007812,0.83099365,0.30340576,4.328125,-25.671875,-8.453125,Respeck,Climbing stairs,12,s1721256,,Respeck_s1721256_Climbing stairs_02-10-2021_17-29-22
1633192145325,-0.3630371,0.9450073,0.38104248,-2.34375,-12.671875,-7.75,Respeck,Climbing stairs,12,s1721256,,Respeck_s1721256_Climbing stairs_02-10-2021_17-29-22
1633192145368,-0.3371582,1.0250854,0.45965576,-12.640625,28.640625,-6.765625,Respeck,Climbing stairs,12,s1721256,,Respeck_s1721256_Climbing stairs_02-10-2021_17-29-22
1633192145399,-0.39331055,1.1610718,0.5385132,-20.828125,53.578125,-6.375,Respeck,Climbing stairs,12,s1721256,,Respeck_s1721256_Climbing stairs_02-10-2021_17-29-22
1633192145446,-0.4489746,1.2719116,0.48651123,5.734375,10.375,-10.8125,Respeck,Climbing stairs,12,s1721256,,Respeck_s1721256_Climbing stairs_02-10-2021_17-29-22
1633192145488,-0.45874023,1.2748413,0.33099365,25.015625,-28.109375,-11.46875,Respeck,Climbing stairs,12,s1721256,,Respeck_s1721256_Climbing stairs_02-10-2021_17-29-22
1633192145520,-0.3178711,0.7758179,0.105651855,66.6875,-64.5625,-14.96875,Respeck,Climbing stairs,12,s1721256,,Respeck_s1721256_Climbing stairs_02-10-2021_17-29-22
1633192145564,-0.31176758,0.68621826,-0.0881958,12.28125,-105.296875,-3.6875,Respeck,Climbing stairs,12,s1721256,,Respeck_s1721256_Climbing stairs_02-10-2021_17-29-22
1633192145608,-0.28759766,0.8439331,-0.020812988,-5.953125,-32.0625,6.546875,Respeck,Climbing stairs,12,s1721256,,Respeck_s1721256_Climbing stairs_02-10-2021_17-29-22
1633192145639,-0.2043457,0.9520874,0.036071777,10.0,134.78125,53.5625,Respeck,Climbing stairs,12,s1721256,,Respeck_s1721256_Climbing stairs_02-10-2021_17-29-22
1633192145669,-0.22851562,1.1027222,0.0033569336,-36.34375,201.64062,59.3125,Respeck,Climbing stairs,12,s1721256,,Respeck_s1721256_Climbing stairs_02-10-2021_17-29-22
1633192145715,-0.203125,1.0844116,0.024353027,-33.6875,131.29688,42.890625,Respeck,Climbing stairs,12,s1721256,,Respeck_s1721256_Climbing stairs_02-10-2021_17-29-22
1633192145761,-0.20361328,0.9047241,0.08148193,-23.03125,4.34375,7.046875,Respeck,Climbing stairs,12,s1721256,,Respeck_s1721256_Climbing stairs_02-10-2021_17-29-22
1633192145788,-0.24145508,0.914978,0.16644287,-4.171875,-114.78125,-28.90625,Respeck,Climbing stairs,12,s1721256,,Respeck_s1721256_Climbing stairs_02-10-2021_17-29-22
1633192145848,-0.25854492,0.914978,0.20184326,5.46875,-141.76562,-42.71875,Respeck,Climbing stairs,12,s1721256,,Respeck_s1721256_Climbing stairs_02-10-2021_17-29-22
1633192145863,-0.31201172,0.93792725,0.21966553,-11.59375,-112.421875,-44.21875,Respeck,Climbing stairs,12,s1721256,,Respeck_s1721256_Climbing stairs_02-10-2021_17-29-22
1633192145909,-0.43847656,0.87493896,0.44744873,-31.671875,75.859375,-2.078125,Respeck,Climbing stairs,12,s1721256,,Respeck_s1721256_Climbing stairs_02-10-2021_17-29-22
1633192145954,-0.36889648,0.8239136,0.28460693,-32.1875,154.28125,28.234375,Respeck,Climbing stairs,12,s1721256,,Respeck_s1721256_Climbing stairs_02-10-2021_17-29-22
1633192145984,-0.20385742,0.8900757,0.29388428,-42.234375,116.359375,33.265625,Respeck,Climbing stairs,12,s1721256,,Respeck_s1721256_Climbing stairs_02-10-2021_17-29-22
1633192146030,-0.079833984,0.934021,0.36932373,-2.578125,68.734375,15.390625,Respeck,Climbing stairs,12,s1721256,,Respeck_s1721256_Climbing stairs_02-10-2021_17-29-22
1633192146059,-0.2163086,1.0407104,0.293396,12.65625,9.78125,-2.453125,Respeck,Climbing stairs,12,s1721256,,Respeck_s1721256_Climbing stairs_02-10-2021_17-29-22
1633192146103,-0.42041016,0.9567261,0.30267334,18.1875,-47.65625,-15.84375,Respeck,Climbing stairs,12,s1721256,,Respeck_s1721256_Climbing stairs_02-10-2021_17-29-22
1633192146149,-0.64208984,0.963562,0.3834839,1.234375,-12.4375,0.34375,Respeck,Climbing stairs,12,s1721256,,Respeck_s1721256_Climbing stairs_02-10-2021_17-29-22
1633192146180,-0.59716797,1.132019,0.33099365,1.0625,51.15625,30.8125,Respeck,Climbing stairs,12,s1721256,,Respeck_s1721256_Climbing stairs_02-10-2021_17-29-22
1633192146223,-0.43603516,1.2367554,0.2333374,24.75,43.609375,37.53125,Respeck,Climbing stairs,12,s1721256,,Respeck_s1721256_Climbing stairs_02-10-2021_17-29-22
1633192146254,-0.2692871,0.96673584,0.10784912,14.90625,39.03125,35.03125,Respeck,Climbing stairs,12,s1721256,,Respeck_s1721256_Climbing stairs_02-10-2021_17-29-22
1633192146299,-0.33911133,0.98431396,-0.019348145,-17.265625,48.671875,12.28125,Respeck,Climbing stairs,12,s1721256,,Respeck_s1721256_Climbing stairs_02-10-2021_17-29-22
1633192146344,-0.3503418,0.79071045,-0.074523926,-17.03125,61.53125,9.671875,Respeck,Climbing stairs,12,s1721256,,Respeck_s1721256_Climbing stairs_02-10-2021_17-29-22
1633192146374,-0.4013672,0.7662964,-0.09503174,-19.359375,79.953125,10.953125,Respeck,Climbing stairs,12,s1721256,,Respeck_s1721256_Climbing stairs_02-10-2021_17-29-22
1633192146418,-0.4272461,0.9557495,0.034362793,-22.96875,68.046875,13.484375,Respeck,Climbing stairs,12,s1721256,,Respeck_s1721256_Climbing stairs_02-10-2021_17-29-22
1633192146449,-0.26904297,0.9879761,0.22869873,-4.953125,90.484375,29.59375,Respeck,Climbing stairs,12,s1721256,,Respeck_s1721256_Climbing stairs_02-10-2021_17-29-22
1633192146494,-0.25317383,0.914978,0.26531982,-46.84375,104.28125,20.703125,Respeck,Climbing stairs,12,s1721256,,Respeck_s1721256_Climbing stairs_02-10-2021_17-29-22
1633192146540,-0.29956055,0.86468506,0.33148193,-68.484375,80.0625,10.84375,Respeck,Climbing stairs,12,s1721256,,Respeck_s1721256_Climbing stairs_02-10-2021_17-29-22
1633192146568,-0.28320312,0.8473511,0.35687256,-39.75,81.09375,13.15625,Respeck,Climbing stairs,12,s1721256,,Respeck_s1721256_Climbing stairs_02-10-2021_17-29-22
1633192146613,-0.28759766,0.83148193,0.32489014,-32.375,12.015625,-3.4375,Respeck,Climbing stairs,12,s1721256,,Respeck_s1721256_Climbing stairs_02-10-2021_17-29-22
1633192146660,-0.30908203,0.78045654,0.35882568,8.140625,-40.0,-9.09375,Respeck,Climbing stairs,12,s1721256,,Respeck_s1721256_Climbing stairs_02-10-2021_17-29-22
1633192146689,-0.3125,0.80682373,0.36932373,2.28125,-3.546875,-0.84375,Respeck,Climbing stairs,12,s1721256,,Respeck_s1721256_Climbing stairs_02-10-2021_17-29-22
1633192146735,-0.33276367,0.80926514,0.3307495,-2.671875,21.15625,-1.453125,Respeck,Climbing stairs,12,s1721256,,Respeck_s1721256_Climbing stairs_02-10-2021_17-29-22
1633192146763,-0.30004883,0.87249756,0.32073975,-7.09375,38.78125,0.921875,Respeck,Climbing stairs,12,s1721256,,Respeck_s1721256_Climbing stairs_02-10-2021_17-29-22
1633192146810,-0.32983398,1.0055542,0.34051514,-5.78125,27.921875,-4.109375,Respeck,Climbing stairs,12,s1721256,,Respeck_s1721256_Climbing stairs_02-10-2021_17-29-22
1633192146853,-0.37304688,0.9970093,0.42352295,-12.8125,28.40625,-6.09375,Respeck,Climbing stairs,12,s1721256,,Respeck_s1721256_Climbing stairs_02-10-2021_17-29-22
1633192146899,-0.32958984,0.93255615,0.44329834,-6.328125,39.375,-4.78125,Respeck,Climbing stairs,12,s1721256,,Respeck_s1721256_Climbing stairs_02-10-2021_17-29-22
1633192146929,-0.33935547,0.9713745,0.35516357,-10.265625,44.859375,-5.359375,Respeck,Climbing stairs,12,s1721256,,Respeck_s1721256_Climbing stairs_02-10-2021_17-29-22
1633192146960,-0.4020996,1.0922241,0.276062,3.390625,15.5,-9.5625,Respeck,Climbing stairs,12,s1721256,,Respeck_s1721256_Climbing stairs_02-10-2021_17-29-22
1633192147006,-0.4182129,1.1171265,0.21795654,37.34375,-26.265625,-8.671875,Respeck,Climbing stairs,12,s1721256,,Respeck_s1721256_Climbing stairs_02-10-2021_17-29-22
1633192147084,-0.30932617,0.88446045,0.14837646,30.1875,-56.484375,-7.9375,Respeck,Climbing stairs,12,s1721256,,Respeck_s1721256_Climbing stairs_02-10-2021_17-29-22
1633192147087,-0.24951172,0.8793335,0.14276123,18.703125,-29.40625,9.859375,Respeck,Climbing stairs,12,s1721256,,Respeck_s1721256_Climbing stairs_02-10-2021_17-29-22
1633192147123,-0.23852539,1.0082397,0.12615967,10.59375,10.4375,24.71875,Respeck,Climbing stairs,12,s1721256,,Respeck_s1721256_Climbing stairs_02-10-2021_17-29-22
1633192147152,-0.22363281,1.0814819,0.12542725,4.546875,40.96875,30.515625,Respeck,Climbing stairs,12,s1721256,,Respeck_s1721256_Climbing stairs_02-10-2021_17-29-22
1633192147200,-0.22143555,1.0175171,0.06976318,-27.265625,64.640625,17.375,Respeck,Climbing stairs,12,s1721256,,Respeck_s1721256_Climbing stairs_02-10-2021_17-29-22
1633192147245,-0.25976562,0.9598999,0.13348389,-16.8125,45.90625,7.5,Respeck,Climbing stairs,12,s1721256,,Respeck_s1721256_Climbing stairs_02-10-2021_17-29-22
1633192147273,-0.23779297,0.93914795,0.2098999,-4.203125,2.421875,-0.5,Respeck,Climbing stairs,12,s1721256,,Respeck_s1721256_Climbing stairs_02-10-2021_17-29-22
1633192147321,-0.19213867,0.92767334,0.2609253,-29.40625,-26.5625,-5.859375,Respeck,Climbing stairs,12,s1721256,,Respeck_s1721256_Climbing stairs_02-10-2021_17-29-22
1633192147350,-0.19970703,0.9154663,0.3397827,-45.234375,-29.328125,-13.046875,Respeck,Climbing stairs,12,s1721256,,Respeck_s1721256_Climbing stairs_02-10-2021_17-29-22
1633192147392,-0.30444336,0.9274292,0.3908081,-8.625,28.359375,-0.109375,Respeck,Climbing stairs,12,s1721256,,Respeck_s1721256_Climbing stairs_02-10-2021_17-29-22
1633192147441,-0.30297852,0.9359741,0.36419678,-15.90625,11.203125,0.375,Respeck,Climbing stairs,12,s1721256,,Respeck_s1721256_Climbing stairs_02-10-2021_17-29-22
1633192147470,-0.2763672,0.85614014,0.3060913,-4.640625,5.53125,0.53125,Respeck,Climbing stairs,12,s1721256,,Respeck_s1721256_Climbing stairs_02-10-2021_17-29-22
1633192147513,-0.2680664,0.871521,0.2526245,-0.765625,8.421875,1.875,Respeck,Climbing stairs,12,s1721256,,Respeck_s1721256_Climbing stairs_02-10-2021_17-29-22
1633192147545,-0.23339844,0.95111084,0.2538452,-2.59375,12.265625,4.703125,Respeck,Climbing stairs,12,s1721256,,Respeck_s1721256_Climbing stairs_02-10-2021_17-29-22
1633192147589,-0.25024414,1.0018921,0.26922607,-4.890625,4.03125,1.328125,Respeck,Climbing stairs,12,s1721256,,Respeck_s1721256_Climbing stairs_02-10-2021_17-29-22
1633192147632,-0.26660156,1.0531616,0.27850342,-8.1875,2.125,0.46875,Respeck,Climbing stairs,12,s1721256,,Respeck_s1721256_Climbing stairs_02-10-2021_17-29-22
1633192147665,-0.3293457,1.1085815,0.2543335,-3.140625,-4.21875,-1.09375,Respeck,Climbing stairs,12,s1721256,,Respeck_s1721256_Climbing stairs_02-10-2021_17-29-22
1633192147709,-0.38671875,1.1598511,0.21795654,-0.359375,-28.34375,-8.3125,Respeck,Climbing stairs,12,s1721256,,Respeck_s1721256_Climbing stairs_02-10-2021_17-29-22
1633192147738,-0.37231445,1.234314,0.2670288,-8.75,17.671875,5.71875,Respeck,Climbing stairs,12,s1721256,,Respeck_s1721256_Climbing stairs_02-10-2021_17-29-22
1633192147785,-0.3305664,1.3234253,0.20648193,4.34375,82.578125,29.25,Respeck,Climbing stairs,12,s1721256,,Respeck_s1721256_Climbing stairs_02-10-2021_17-29-22
1633192147828,-0.30615234,1.1596069,0.085632324,-8.65625,96.9375,27.1875,Respeck,Climbing stairs,12,s1721256,,Respeck_s1721256_Climbing stairs_02-10-2021_17-29-22
1633192147860,-0.3479004,0.9430542,-0.016662598,-6.484375,34.59375,6.703125,Respeck,Climbing stairs,12,s1721256,,Respeck_s1721256_Climbing stairs_02-10-2021_17-29-22
1633192147903,-0.38500977,0.920105,-0.08111572,4.46875,-57.875,-11.625,Respeck,Climbing stairs,12,s1721256,,Respeck_s1721256_Climbing stairs_02-10-2021_17-29-22
1633192147939,-0.3852539,0.89593506,-0.08746338,0.703125,-46.53125,-7.8125,Respeck,Climbing stairs,12,s1721256,,Respeck_s1721256_Climbing stairs_02-10-2021_17-29-22
1633192147992,-0.3540039,0.8942261,0.008972168,13.296875,52.328125,13.53125,Respeck,Climbing stairs,12,s1721256,,Respeck_s1721256_Climbing stairs_02-10-2021_17-29-22
1633192148024,-0.25512695,0.8397827,0.13250732,17.140625,89.96875,27.546875,Respeck,Climbing stairs,12,s1721256,,Respeck_s1721256_Climbing stairs_02-10-2021_17-29-22
1633192148052,-0.18603516,0.75164795,0.21820068,-6.78125,94.578125,21.0,Respeck,Climbing stairs,12,s1721256,,Respeck_s1721256_Climbing stairs_02-10-2021_17-29-22
1633192148099,-0.23266602,0.6959839,0.19500732,-35.65625,56.75,5.546875,Respeck,Climbing stairs,12,s1721256,,Respeck_s1721256_Climbing stairs_02-10-2021_17-29-22
1633192148128,-0.27075195,0.77264404,0.23504639,-24.046875,-5.859375,-11.59375,Respeck,Climbing stairs,12,s1721256,,Respeck_s1721256_Climbing stairs_02-10-2021_17-29-22
1633192148174,-0.2487793,0.8070679,0.29388428,-5.203125,-25.46875,-11.671875,Respeck,Climbing stairs,12,s1721256,,Respeck_s1721256_Climbing stairs_02-10-2021_17-29-22
1633192148219,-0.35546875,0.81951904,0.33538818,-13.953125,-2.796875,-6.90625,Respeck,Climbing stairs,12,s1721256,,Respeck_s1721256_Climbing stairs_02-10-2021_17-29-22
1633192148249,-0.3310547,0.81243896,0.3053589,3.90625,11.03125,4.109375,Respeck,Climbing stairs,12,s1721256,,Respeck_s1721256_Climbing stairs_02-10-2021_17-29-22
1633192148296,-0.3071289,0.8551636,0.31585693,6.890625,8.65625,6.0625,Respeck,Climbing stairs,12,s1721256,,Respeck_s1721256_Climbing stairs_02-10-2021_17-29-22
1633192148322,-0.3010254,0.91815186,0.29656982,6.25,13.640625,6.328125,Respeck,Climbing stairs,12,s1721256,,Respeck_s1721256_Climbing stairs_02-10-2021_17-29-22
1633192148399,-0.27246094,0.8851929,0.260437,5.359375,2.90625,1.09375,Respeck,Climbing stairs,12,s1721256,,Respeck_s1721256_Climbing stairs_02-10-2021_17-29-22
1633192148414,-0.3256836,0.95306396,0.32635498,1.703125,1.921875,-1.953125,Respeck,Climbing stairs,12,s1721256,,Respeck_s1721256_Climbing stairs_02-10-2021_17-29-22
1633192148459,-0.33496094,0.9682007,0.3649292,-4.484375,-0.390625,-6.15625,Respeck,Climbing stairs,12,s1721256,,Respeck_s1721256_Climbing stairs_02-10-2021_17-29-22
1633192148489,-0.41601562,1.18573,0.3788452,6.421875,-29.90625,-8.359375,Respeck,Climbing stairs,12,s1721256,,Respeck_s1721256_Climbing stairs_02-10-2021_17-29-22
1633192148520,-0.41137695,1.2399292,0.31072998,17.734375,-12.65625,-7.953125,Respeck,Climbing stairs,12,s1721256,,Respeck_s1721256_Climbing stairs_02-10-2021_17-29-22
1633192148564,-0.45263672,1.3551636,0.24945068,19.96875,-28.15625,-6.828125,Respeck,Climbing stairs,12,s1721256,,Respeck_s1721256_Climbing stairs_02-10-2021_17-29-22
1633192148609,-0.32226562,1.0704956,0.25872803,19.390625,-8.703125,-0.765625,Respeck,Climbing stairs,12,s1721256,,Respeck_s1721256_Climbing stairs_02-10-2021_17-29-22
1633192148640,-0.21923828,0.91082764,0.21722412,4.078125,22.328125,12.140625,Respeck,Climbing stairs,12,s1721256,,Respeck_s1721256_Climbing stairs_02-10-2021_17-29-22
1633192148699,-0.1862793,0.9838257,0.20111084,-3.765625,41.109375,22.53125,Respeck,Climbing stairs,12,s1721256,,Respeck_s1721256_Climbing stairs_02-10-2021_17-29-22
1633192148713,-0.21801758,0.9491577,0.10394287,-5.5,16.828125,10.21875,Respeck,Climbing stairs,12,s1721256,,Respeck_s1721256_Climbing stairs_02-10-2021_17-29-22
1633192148760,-0.19995117,0.8678589,0.09881592,-14.0,-31.484375,-7.859375,Respeck,Climbing stairs,12,s1721256,,Respeck_s1721256_Climbing stairs_02-10-2021_17-29-22
1633192148803,-0.17797852,0.809021,0.15960693,15.015625,-49.78125,-11.953125,Respeck,Climbing stairs,12,s1721256,,Respeck_s1721256_Climbing stairs_02-10-2021_17-29-22
1633192148834,-0.23364258,0.72283936,0.12591553,-18.078125,-79.28125,-30.09375,Respeck,Climbing stairs,12,s1721256,,Respeck_s1721256_Climbing stairs_02-10-2021_17-29-22
1633192148880,-0.25732422,0.6845093,0.14544678,-9.828125,-103.75,-32.328125,Respeck,Climbing stairs,12,s1721256,,Respeck_s1721256_Climbing stairs_02-10-2021_17-29-22
1633192148907,-0.21533203,0.651062,0.32147217,-6.28125,-4.5,-9.921875,Respeck,Climbing stairs,12,s1721256,,Respeck_s1721256_Climbing stairs_02-10-2021_17-29-22
1633192148956,-0.23925781,0.7914429,0.2255249,-12.34375,148.46875,26.890625,Respeck,Climbing stairs,12,s1721256,,Respeck_s1721256_Climbing stairs_02-10-2021_17-29-22
1633192148999,-0.20288086,0.857605,0.19793701,-36.421875,96.953125,31.65625,Respeck,Climbing stairs,12,s1721256,,Respeck_s1721256_Climbing stairs_02-10-2021_17-29-22
1633192149028,-0.15258789,1.0888062,0.29437256,-4.40625,1.59375,3.21875,Respeck,Climbing stairs,12,s1721256,,Respeck_s1721256_Climbing stairs_02-10-2021_17-29-22
1633192149074,-0.24560547,0.9320679,0.21868896,13.5625,-53.578125,-21.75,Respeck,Climbing stairs,12,s1721256,,Respeck_s1721256_Climbing stairs_02-10-2021_17-29-22
1633192149102,-0.28125,0.947937,0.20355225,-1.828125,-83.96875,-26.734375,Respeck,Climbing stairs,12,s1721256,,Respeck_s1721256_Climbing stairs_02-10-2021_17-29-22
1633192149148,-0.2705078,0.90423584,0.27020264,-0.578125,-27.609375,-9.703125,Respeck,Climbing stairs,12,s1721256,,Respeck_s1721256_Climbing stairs_02-10-2021_17-29-22
1633192149196,-0.29296875,0.96624756,0.2662964,-7.46875,43.6875,10.90625,Respeck,Climbing stairs,12,s1721256,,Respeck_s1721256_Climbing stairs_02-10-2021_17-29-22
1633192149223,-0.26098633,1.0109253,0.29681396,-19.234375,44.859375,16.84375,Respeck,Climbing stairs,12,s1721256,,Respeck_s1721256_Climbing stairs_02-10-2021_17-29-22
1633192149269,-0.3166504,1.2714233,0.30023193,-8.015625,19.734375,11.8125,Respeck,Climbing stairs,12,s1721256,,Respeck_s1721256_Climbing stairs_02-10-2021_17-29-22
1633192149315,-0.31201172,1.321228,0.25042725,7.53125,-6.984375,5.59375,Respeck,Climbing stairs,12,s1721256,,Respeck_s1721256_Climbing stairs_02-10-2021_17-29-22
1633192149345,-0.39794922,1.3688354,0.1383667,11.75,-43.78125,-10.328125,Respeck,Climbing stairs,12,s1721256,,Respeck_s1721256_Climbing stairs_02-10-2021_17-29-22
1633192149389,-0.37597656,1.1920776,-0.057922363,3.25,-64.765625,-4.09375,Respeck,Climbing stairs,12,s1721256,,Respeck_s1721256_Climbing stairs_02-10-2021_17-29-22
1633192149420,-0.39672852,0.92181396,-0.23199463,-58.609375,40.65625,2.21875,Respeck,Climbing stairs,12,s1721256,,Respeck_s1721256_Climbing stairs_02-10-2021_17-29-22
1633192149465,-0.3737793,0.9345093,-0.24249268,8.765625,144.29688,36.859375,Respeck,Climbing stairs,12,s1721256,,Respeck_s1721256_Climbing stairs_02-10-2021_17-29-22
1633192149510,-0.23730469,0.91937256,-0.028869629,-0.78125,119.03125,35.375,Respeck,Climbing stairs,12,s1721256,,Respeck_s1721256_Climbing stairs_02-10-2021_17-29-22
1633192149538,-0.1772461,0.9540405,0.15667725,27.328125,96.1875,30.5,Respeck,Climbing stairs,12,s1721256,,Respeck_s1721256_Climbing stairs_02-10-2021_17-29-22
1633192149583,-0.115478516,0.7514038,0.19451904,6.75,85.796875,27.953125,Respeck,Climbing stairs,12,s1721256,,Respeck_s1721256_Climbing stairs_02-10-2021_17-29-22
1633192149613,-0.11621094,0.6466675,0.2074585,-33.703125,26.046875,4.890625,Respeck,Climbing stairs,12,s1721256,,Respeck_s1721256_Climbing stairs_02-10-2021_17-29-22
1633192149688,-0.11352539,0.7172241,0.24188232,5.796875,-10.453125,-1.4375,Respeck,Climbing stairs,12,s1721256,,Respeck_s1721256_Climbing stairs_02-10-2021_17-29-22
1633192149703,-0.19628906,0.76727295,0.15911865,14.4375,-38.375,-18.765625,Respeck,Climbing stairs,12,s1721256,,Respeck_s1721256_Climbing stairs_02-10-2021_17-29-22
1633192149741,-0.2998047,0.8649292,0.15447998,-8.59375,-91.015625,-39.5625,Respeck,Climbing stairs,12,s1721256,,Respeck_s1721256_Climbing stairs_02-10-2021_17-29-22
1633192149778,-0.32861328,0.9274292,0.19451904,18.765625,-111.890625,-47.375,Respeck,Climbing stairs,12,s1721256,,Respeck_s1721256_Climbing stairs_02-10-2021_17-29-22
1633192149808,-0.4724121,0.84661865,0.21307373,-13.59375,-54.125,-32.734375,Respeck,Climbing stairs,12,s1721256,,Respeck_s1721256_Climbing stairs_02-10-2021_17-29-22
1633192149853,-0.39160156,0.76190186,0.27947998,-2.984375,11.671875,-14.515625,Respeck,Climbing stairs,12,s1721256,,Respeck_s1721256_Climbing stairs_02-10-2021_17-29-22
1633192149929,-0.3034668,0.8209839,0.31903076,-30.6875,53.625,5.015625,Respeck,Climbing stairs,12,s1721256,,Respeck_s1721256_Climbing stairs_02-10-2021_17-29-22
1633192149935,-0.22290039,0.8629761,0.3024292,-9.609375,37.421875,5.28125,Respeck,Climbing stairs,12,s1721256,,Respeck_s1721256_Climbing stairs_02-10-2021_17-29-22
1633192150003,-0.29248047,1.0219116,0.27630615,18.40625,-10.359375,-0.46875,Respeck,Climbing stairs,12,s1721256,,Respeck_s1721256_Climbing stairs_02-10-2021_17-29-22
1633192150006,-0.28442383,1.0145874,0.26141357,15.734375,-34.078125,-12.109375,Respeck,Climbing stairs,12,s1721256,,Respeck_s1721256_Climbing stairs_02-10-2021_17-29-22
1633192150080,-0.3408203,1.2055054,0.27557373,7.546875,-31.96875,-15.03125,Respeck,Climbing stairs,12,s1721256,,Respeck_s1721256_Climbing stairs_02-10-2021_17-29-22
1633192150094,-0.30810547,1.3339233,0.28460693,23.0625,2.609375,3.828125,Respeck,Climbing stairs,12,s1721256,,Respeck_s1721256_Climbing stairs_02-10-2021_17-29-22
1633192150123,-0.32666016,1.5285034,0.23236084,0.984375,52.40625,12.84375,Respeck,Climbing stairs,12,s1721256,,Respeck_s1721256_Climbing stairs_02-10-2021_17-29-22
1633192150200,-0.34423828,1.3341675,0.13983154,-7.484375,73.09375,2.890625,Respeck,Climbing stairs,12,s1721256,,Respeck_s1721256_Climbing stairs_02-10-2021_17-29-22
1633192150205,-0.28125,0.9879761,0.10345459,23.28125,32.296875,4.09375,Respeck,Climbing stairs,12,s1721256,,Respeck_s1721256_Climbing stairs_02-10-2021_17-29-22
1633192150274,-0.24804688,0.84588623,0.081726074,27.359375,4.40625,16.53125,Respeck,Climbing stairs,12,s1721256,,Respeck_s1721256_Climbing stairs_02-10-2021_17-29-22
1633192150304,-0.09448242,0.80267334,0.1720581,9.0,3.984375,41.75,Respeck,Climbing stairs,12,s1721256,,Respeck_s1721256_Climbing stairs_02-10-2021_17-29-22
1633192150319,0.119628906,0.85809326,0.14471436,26.078125,61.3125,46.25,Respeck,Climbing stairs,12,s1721256,,Respeck_s1721256_Climbing stairs_02-10-2021_17-29-22
1633192150365,0.04321289,0.72210693,0.14276123,-24.609375,17.3125,7.78125,Respeck,Climbing stairs,12,s1721256,,Respeck_s1721256_Climbing stairs_02-10-2021_17-29-22
1633192150393,-0.16772461,0.72283936,0.10784912,-19.296875,-93.75,-40.90625,Respeck,Climbing stairs,12,s1721256,,Respeck_s1721256_Climbing stairs_02-10-2021_17-29-22
1633192150440,-0.2253418,0.87835693,0.00970459,-49.484375,-135.21875,-54.75,Respeck,Climbing stairs,12,s1721256,,Respeck_s1721256_Climbing stairs_02-10-2021_17-29-22
1633192150484,-0.29296875,0.75531006,0.011169434,42.953125,-35.484375,-14.703125,Respeck,Climbing stairs,12,s1721256,,Respeck_s1721256_Climbing stairs_02-10-2021_17-29-22
1633192150514,-0.2902832,0.8739624,0.12640381,15.734375,-39.796875,-10.734375,Respeck,Climbing stairs,12,s1721256,,Respeck_s1721256_Climbing stairs_02-10-2021_17-29-22
1633192150560,-0.1821289,0.86395264,0.25726318,-11.21875,-29.8125,-6.9375,Respeck,Climbing stairs,12,s1721256,,Respeck_s1721256_Climbing stairs_02-10-2021_17-29-22
1633192150634,-0.13867188,0.8895874,0.30828857,-9.296875,11.609375,2.46875,Respeck,Climbing stairs,12,s1721256,,Respeck_s1721256_Climbing stairs_02-10-2021_17-29-22
1633192150637,-0.17651367,0.9472046,0.3065796,-9.640625,33.28125,4.109375,Respeck,Climbing stairs,12,s1721256,,Respeck_s1721256_Climbing stairs_02-10-2021_17-29-22
1633192150680,-0.18383789,0.946228,0.29803467,-27.203125,17.734375,-0.453125,Respeck,Climbing stairs,12,s1721256,,Respeck_s1721256_Climbing stairs_02-10-2021_17-29-22
1633192150709,-0.2265625,1.0084839,0.3204956,-10.875,-21.03125,-9.6875,Respeck,Climbing stairs,12,s1721256,,Respeck_s1721256_Climbing stairs_02-10-2021_17-29-22
1633192150753,-0.2697754,1.1159058,0.34246826,-13.84375,-25.4375,-8.265625,Respeck,Climbing stairs,12,s1721256,,Respeck_s1721256_Climbing stairs_02-10-2021_17-29-22
1633192150784,-0.32202148,1.213562,0.36395264,-10.765625,7.90625,4.515625,Respeck,Climbing stairs,12,s1721256,,Respeck_s1721256_Climbing stairs_02-10-2021_17-29-22
1633192150829,-0.3334961,1.3568726,0.3151245,1.328125,12.71875,18.65625,Respeck,Climbing stairs,12,s1721256,,Respeck_s1721256_Climbing stairs_02-10-2021_17-29-22
1633192150876,-0.3088379,1.3314819,0.22381592,34.359375,17.625,17.75,Respeck,Climbing stairs,12,s1721256,,Respeck_s1721256_Climbing stairs_02-10-2021_17-29-22
1633192150920,-0.31152344,1.3539429,0.1293335,1.625,22.484375,18.40625,Respeck,Climbing stairs,12,s1721256,,Respeck_s1721256_Climbing stairs_02-10-2021_17-29-22
1633192150950,-0.2841797,1.0568237,-0.024963379,-10.015625,56.296875,23.03125,Respeck,Climbing stairs,12,s1721256,,Respeck_s1721256_Climbing stairs_02-10-2021_17-29-22
1633192150980,-0.30249023,0.83758545,-0.14581299,-18.0625,70.703125,22.21875,Respeck,Climbing stairs,12,s1721256,,Respeck_s1721256_Climbing stairs_02-10-2021_17-29-22
1633192151023,-0.3166504,0.9520874,-0.16705322,21.5,35.703125,17.859375,Respeck,Climbing stairs,12,s1721256,,Respeck_s1721256_Climbing stairs_02-10-2021_17-29-22
1633192151069,-0.36889648,0.95843506,-0.090148926,4.546875,-21.5625,-2.390625,Respeck,Climbing stairs,12,s1721256,,Respeck_s1721256_Climbing stairs_02-10-2021_17-29-22
1633192151100,-0.3239746,0.85491943,-0.0095825195,5.109375,-26.5,-5.328125,Respeck,Climbing stairs,12,s1721256,,Respeck_s1721256_Climbing stairs_02-10-2021_17-29-22
1633192151143,-0.21166992,0.7999878,0.13739014,26.6875,33.453125,9.609375,Respeck,Climbing stairs,12,s1721256,,Respeck_s1721256_Climbing stairs_02-10-2021_17-29-22
1633192151172,-0.15625,0.67962646,0.22113037,3.40625,60.859375,19.28125,Respeck,Climbing stairs,12,s1721256,,Respeck_s1721256_Climbing stairs_02-10-2021_17-29-22
1633192151220,-0.17407227,0.6132202,0.23382568,-49.453125,46.015625,3.859375,Respeck,Climbing stairs,12,s1721256,,Respeck_s1721256_Climbing stairs_02-10-2021_17-29-22
1633192151264,-0.23291016,0.7094116,0.32977295,-42.140625,8.203125,-6.03125,Respeck,Climbing stairs,12,s1721256,,Respeck_s1721256_Climbing stairs_02-10-2021_17-29-22
1633192151294,-0.29956055,0.70355225,0.25726318,7.8125,-6.953125,-2.84375,Respeck,Climbing stairs,12,s1721256,,Respeck_s1721256_Climbing stairs_02-10-2021_17-29-22
1633192151340,-0.30126953,0.78826904,0.2514038,-12.21875,-13.765625,-5.484375,Respeck,Climbing stairs,12,s1721256,,Respeck_s1721256_Climbing stairs_02-10-2021_17-29-22
1633192151369,-0.31811523,0.86224365,0.21185303,0.953125,-22.296875,-10.03125,Respeck,Climbing stairs,12,s1721256,,Respeck_s1721256_Climbing stairs_02-10-2021_17-29-22
1633192151415,-0.3540039,0.8800659,0.17230225,-0.453125,-34.796875,-12.671875,Respeck,Climbing stairs,12,s1721256,,Respeck_s1721256_Climbing stairs_02-10-2021_17-29-22
1633192151460,-0.3720703,0.93426514,0.25238037,-5.421875,-5.25,-4.109375,Respeck,Climbing stairs,12,s1721256,,Respeck_s1721256_Climbing stairs_02-10-2021_17-29-22
1633192151489,-0.32666016,0.993103,0.27313232,-7.234375,56.984375,7.703125,Respeck,Climbing stairs,12,s1721256,,Respeck_s1721256_Climbing stairs_02-10-2021_17-29-22
1633192151536,-0.29345703,1.0282593,0.28216553,-35.375,65.375,8.875,Respeck,Climbing stairs,12,s1721256,,Respeck_s1721256_Climbing stairs_02-10-2021_17-29-22
1633192151566,-0.3112793,1.1188354,0.29974365,-11.375,31.171875,5.296875,Respeck,Climbing stairs,12,s1721256,,Respeck_s1721256_Climbing stairs_02-10-2021_17-29-22
1633192151610,-0.35009766,1.1967163,0.27044678,37.40625,-60.1875,-13.5625,Respeck,Climbing stairs,12,s1721256,,Respeck_s1721256_Climbing stairs_02-10-2021_17-29-22
1633192151654,-0.39526367,1.392273,0.25115967,46.28125,-84.203125,-22.5625,Respeck,Climbing stairs,12,s1721256,,Respeck_s1721256_Climbing stairs_02-10-2021_17-29-22
1633192151683,-0.39160156,1.3139038,0.16448975,28.03125,-56.5625,-18.984375,Respeck,Climbing stairs,12,s1721256,,Respeck_s1721256_Climbing stairs_02-10-2021_17-29-22
1633192151729,-0.31274414,0.97283936,0.11126709,22.625,-15.421875,-1.203125,Respeck,Climbing stairs,12,s1721256,,Respeck_s1721256_Climbing stairs_02-10-2021_17-29-22
1633192151759,-0.18701172,0.90496826,0.14129639,19.484375,18.921875,19.890625,Respeck,Climbing stairs,12,s1721256,,Respeck_s1721256_Climbing stairs_02-10-2021_17-29-22
1633192151804,-0.12866211,0.9672241,0.17449951,-6.515625,77.890625,23.9375,Respeck,Climbing stairs,12,s1721256,,Respeck_s1721256_Climbing stairs_02-10-2021_17-29-22
1633192151849,-0.19580078,0.94403076,0.08416748,-23.828125,98.25,21.25,Respeck,Climbing stairs,12,s1721256,,Respeck_s1721256_Climbing stairs_02-10-2021_17-29-22
1633192151880,-0.2578125,0.8173218,0.005065918,-35.65625,41.234375,8.0625,Respeck,Climbing stairs,12,s1721256,,Respeck_s1721256_Climbing stairs_02-10-2021_17-29-22
1633192151924,-0.2133789,0.85198975,-0.07159424,-38.1875,-38.734375,-13.625,Respeck,Climbing stairs,12,s1721256,,Respeck_s1721256_Climbing stairs_02-10-2021_17-29-22
1633192151970,-0.15185547,0.73895264,0.035095215,-16.265625,-1.734375,-11.96875,Respeck,Climbing stairs,12,s1721256,,Respeck_s1721256_Climbing stairs_02-10-2021_17-29-22
1633192152013,-0.1743164,0.71624756,0.12860107,17.875,6.359375,-7.609375,Respeck,Climbing stairs,12,s1721256,,Respeck_s1721256_Climbing stairs_02-10-2021_17-29-22
1633192152046,-0.16259766,0.7235718,0.20355225,12.84375,-39.234375,-5.5,Respeck,Climbing stairs,12,s1721256,,Respeck_s1721256_Climbing stairs_02-10-2021_17-29-22
1633192152073,-0.14282227,0.824646,0.293396,-18.15625,-80.84375,-16.0,Respeck,Climbing stairs,12,s1721256,,Respeck_s1721256_Climbing stairs_02-10-2021_17-29-22
1633192152120,-0.13793945,0.87615967,0.32269287,5.328125,-54.15625,-17.96875,Respeck,Climbing stairs,12,s1721256,,Respeck_s1721256_Climbing stairs_02-10-2021_17-29-22
1633192152209,-0.24169922,0.92181396,0.19573975,6.9375,6.234375,-9.9375,Respeck,Climbing stairs,12,s1721256,,Respeck_s1721256_Climbing stairs_02-10-2021_17-29-22
1633192152213,-0.27075195,1.0057983,0.15716553,3.421875,22.8125,4.25,Respeck,Climbing stairs,12,s1721256,,Respeck_s1721256_Climbing stairs_02-10-2021_17-29-22
1633192152240,-0.22924805,1.0397339,0.23406982,2.40625,44.53125,16.984375,Respeck,Climbing stairs,12,s1721256,,Respeck_s1721256_Climbing stairs_02-10-2021_17-29-22
1633192152268,-0.24194336,1.0888062,0.27069092,-15.765625,46.296875,18.984375,Respeck,Climbing stairs,12,s1721256,,Respeck_s1721256_Climbing stairs_02-10-2021_17-29-22
1633192152315,-0.29077148,1.2091675,0.29901123,-23.515625,10.359375,8.21875,Respeck,Climbing stairs,12,s1721256,,Respeck_s1721256_Climbing stairs_02-10-2021_17-29-22
1633192152390,-0.34936523,1.3449097,0.23187256,1.46875,-33.984375,-0.578125,Respeck,Climbing stairs,12,s1721256,,Respeck_s1721256_Climbing stairs_02-10-2021_17-29-22
1633192152395,-0.3244629,1.4613647,0.23577881,9.953125,-11.4375,16.15625,Respeck,Climbing stairs,12,s1721256,,Respeck_s1721256_Climbing stairs_02-10-2021_17-29-22
1633192152432,-0.32861328,1.2494507,0.101989746,-14.734375,41.03125,24.15625,Respeck,Climbing stairs,12,s1721256,,Respeck_s1721256_Climbing stairs_02-10-2021_17-29-22
1633192152463,-0.3713379,0.9188843,-0.13458252,-37.265625,26.25,2.015625,Respeck,Climbing stairs,12,s1721256,,Respeck_s1721256_Climbing stairs_02-10-2021_17-29-22
1633192152509,-0.45922852,0.8151245,-0.28302002,-33.5,41.921875,2.578125,Respeck,Climbing stairs,12,s1721256,,Respeck_s1721256_Climbing stairs_02-10-2021_17-29-22
1633192152555,-0.34179688,0.9677124,-0.09210205,48.25,106.21875,24.6875,Respeck,Climbing stairs,12,s1721256,,Respeck_s1721256_Climbing stairs_02-10-2021_17-29-22
1633192152583,-0.31762695,0.9430542,0.07196045,9.953125,81.390625,18.640625,Respeck,Climbing stairs,12,s1721256,,Respeck_s1721256_Climbing stairs_02-10-2021_17-29-22
1633192152630,-0.3305664,0.7838745,0.05657959,4.578125,20.75,6.875,Respeck,Climbing stairs,12,s1721256,,Respeck_s1721256_Climbing stairs_02-10-2021_17-29-22
1633192152663,-0.29223633,0.7230835,0.09075928,-16.890625,4.640625,3.796875,Respeck,Climbing stairs,12,s1721256,,Respeck_s1721256_Climbing stairs_02-10-2021_17-29-22
1633192152703,-0.1899414,0.6937866,0.21942139,-4.484375,71.515625,22.1875,Respeck,Climbing stairs,12,s1721256,,Respeck_s1721256_Climbing stairs_02-10-2021_17-29-22
1633192152750,-0.18945312,0.5910034,0.25628662,-22.890625,163.54688,39.1875,Respeck,Climbing stairs,12,s1721256,,Respeck_s1721256_Climbing stairs_02-10-2021_17-29-22
1633192152780,-0.20922852,0.6535034,0.22406006,-33.234375,183.32812,47.328125,Respeck,Climbing stairs,12,s1721256,,Respeck_s1721256_Climbing stairs_02-10-2021_17-29-22
